simulation start
make network|V|=2000, |E|=4000
Accessible, ave_query, TABLE_REQ
t          not_group              group  
0 0.8484242121060530 5.264632316158079000
1 0.8834417208604303 0.927713856928464200
2 0.8814407203601801 0.525429381357345300
3 0.8894447223611806 0.414207103551775870
4 0.8839419709854928 0.360780390195097560
5 0.8879439719859930 0.276221444055361030
6 0.8914457228614308 0.233402415493461020
7 0.8934467233616809 0.203726863431715870
8 0.8954477238619309 0.167528208548718800
9 0.9019509754877438 0.160580290145072520
10 0.8984492246123061 0.15098458320069125
11 0.9054527263631816 0.12856428214107055
12 0.9159579789894947 0.11155577788894447
13 0.9134567283641821 0.11427142142499822
14 0.9209604802401200 0.09541437385359346
15 0.9239619809904952 0.09138944472236118
16 0.9269634817408704 0.08342406497366331
17 0.9299649824912456 0.07464843532877549
18 0.9274637318659330 0.07490587398962639
19 0.9304652326163082 0.07656328164082041
20 0.9324662331165583 0.06741465971080779
21 0.9309654827413707 0.07110373368502433
22 0.9334667333666833 0.08271527067881768
23 0.9369684842421211 0.06682507920626980
24 0.9349674837418709 0.06045022511255628
25 0.9369684842421211 0.07759649055296879
26 0.9399699849924963 0.06264243232727475
27 0.9384692346173087 0.06044093475309083
28 0.9359679839919960 0.05587276396819099
29 0.9344672336168084 0.05482741370685343
access %, disaccess %
0.00815961447190683 ,  0.05300693909020817
後半開始
30 0.9394697348674337 0.04795946360276913 22 | 0.9409704852426213 0.04720101986477109 25
31 0.9449724862431216 0.04553839419709855 24 | 0.9474737368684342 0.04447536268134067 30
32 0.9454727363681841 0.04077796473994573 26 | 0.9459729864932466 0.04002001000500250 33
33 0.9454727363681841 0.04022599535061649 27 | 0.9469734867433717 0.03937262749021569 31
34 0.9414707353676839 0.04485099692703494 30 | 0.9424712356178089 0.04390766811977417 39
35 0.9399699849924963 0.04327163581790895 35 | 0.9414707353676839 0.04214607303651826 43
36 0.9394697348674337 0.04114219271798061 31 | 0.9404702351175588 0.04041209794086232 42
37 0.9394697348674337 0.04050709565308970 34 | 0.9409704852426213 0.03971722703456992 43
38 0.9389694847423712 0.04145662574877182 33 | 0.9404702351175588 0.04055874090891599 42
39 0.9444722361180591 0.03859429714857428 33 | 0.9464732366183092 0.03761880940470235 39
40 0.9424712356178089 0.03717712514793982 38 | 0.9444722361180591 0.03609121633987725 44
41 0.9454727363681841 0.03437433002215393 36 | 0.9459729864932466 0.03317134757855118 41
42 0.9464732366183092 0.03344695603615761 36 | 0.9479739869934968 0.03233011854764591 42
43 0.9449724862431216 0.03243667288189549 34 | 0.9464732366183092 0.03129974077948064 40
44 0.9464732366183092 0.03316102495692290 33 | 0.9479739869934968 0.03213829136790618 39
45 0.9454727363681841 0.03145050786262696 35 | 0.9469734867433717 0.03047175761793940 40
46 0.9469734867433717 0.03289942843762306 39 | 0.9484742371185593 0.03190957180718019 44
47 0.9454727363681841 0.03264132066033017 45 | 0.9469734867433717 0.03150533600133400 48
48 0.9509754877438720 0.03060714030484630 47 | 0.9534767383691846 0.02927994609549672 55
49 0.9539769884942472 0.02864432216108054 45 | 0.9539769884942472 0.02740370185092546 54
50 0.9579789894947474 0.02743528627058627 39 | 0.9589794897448725 0.02644459484644283 47
51 0.9554777388694348 0.02684034324854735 34 | 0.9564782391195598 0.02600338630853888 42
52 0.9564782391195598 0.02682473312127762 39 | 0.9574787393696849 0.02597525177683181 48
53 0.9579789894947474 0.02473458951698071 39 | 0.9589794897448725 0.02379893650528968 45
54 0.9589794897448725 0.02439401518941289 40 | 0.9609804902451226 0.02305698303697303 44
55 0.9579789894947474 0.02559315371971700 37 | 0.9594797398699350 0.02442292574858858 44
56 0.9569784892446224 0.02352930851390607 37 | 0.9584792396198099 0.02257268985369878 44
57 0.9574787393696849 0.02327888081972020 37 | 0.9589794897448725 0.02236463059115764 44
58 0.9569784892446224 0.02335065838003747 38 | 0.9584792396198099 0.02240103102398656 44
59 0.9569784892446224 0.02322828080707020 37 | 0.9579789894947474 0.02236118059029514 43
access %, disaccess %, accessG %, disaccessG %
0.005542820301586733 ,  0.048644724104549855 , 0.0055118603423437934 , 0.0485270749297152
make network|V|=2000, |E|=4000
Accessible, ave_query, TABLE_REQ
t          not_group              group  
0  0.8484242121060530 5.2646323161580790
1  0.8834417208604303 0.9277138569284642
2  0.8814407203601801 0.5254293813573453
3  0.8894447223611806 0.4142071035517758
4  0.8839419709854928 0.3607803901950975
5  0.8879439719859930 0.2762214440553610
6  0.8914457228614308 0.2334024154934610
7  0.8934467233616809 0.2037268634317158
8  0.8954477238619309 0.1675282085487188
9  0.9019509754877438 0.1605802901450725
10 0.898449224612306 0.15098458320069125
11 0.905452726363181 0.12856428214107055
12 0.915957978989494 0.11155577788894447
13 0.913456728364182 0.11427142142499822
14 0.920960480240120 0.09541437385359346
15 0.923961980990495 0.09138944472236118
16 0.926963481740870 0.08342406497366331
17 0.929964982491245 0.07464843532877549
18 0.927463731865933 0.07490587398962639
19 0.930465232616308 0.07656328164082041
20 0.932466233116558 0.06741465971080779
21 0.930965482741370 0.07110373368502433
22 0.933466733366683 0.08271527067881768
23 0.936968484242121 0.06682507920626980
24 0.934967483741870 0.06045022511255628
25 0.936968484242121 0.07759649055296879
26 0.939969984992496 0.06264243232727475
27 0.938469234617308 0.06044093475309083
28 0.935967983991996 0.05587276396819099
29 0.934467233616808 0.05482741370685343
access %, disaccess %
0.00815961447190683 ,  0.05300693909020817
後半開始
30 0.9514757378689345 0.043182881763462376 109 | 0.9659829914957478 0.034872274847100970 167
31 0.9544772386193097 0.045585292646323160 107 | 0.9649824912456229 0.037206103051525760 176
32 0.9489744872436218 0.047705671017326846 127 | 0.9644822411205602 0.036882077402337530 192
33 0.9494747373686844 0.048038725244975426 125 | 0.9639819909954978 0.038166141894476650 218
34 0.9474737368684342 0.050682484099192450 141 | 0.9624812406203102 0.040291574358607876 242
35 0.9454727363681841 0.051192262798065700 151 | 0.9619809904952477 0.040436885109221280 255
36 0.9479739869934968 0.048578343225666890 157 | 0.9619809904952477 0.037816205399997300 245
37 0.9494747373686844 0.048326794976435584 165 | 0.9654827413706853 0.037189647455306600 259
38 0.9479739869934968 0.049896743243416580 165 | 0.9629814907453726 0.038634701966367800 272
39 0.9514757378689345 0.049062031015507754 179 | 0.9639819909954978 0.038269134567283640 271
40 0.9509754877438720 0.047767786332190480 173 | 0.9629814907453726 0.036981905586939810 280
41 0.9519759879939970 0.045451297077109990 174 | 0.9644822411205602 0.034803115843636100 278
42 0.9529764882441221 0.045790337028979604 189 | 0.9639819909954978 0.035890038042276950 287
43 0.9514757378689345 0.045045249897676110 183 | 0.9629814907453726 0.035449542953294830 287
44 0.9504752376188094 0.046123061530765380 193 | 0.9634817408704353 0.036240342393418930 297
45 0.9484742371185593 0.045588011397002850 183 | 0.9614807403701850 0.035713508928377234 302
46 0.9554777388694348 0.044926718678488180 215 | 0.9689844922461230 0.034251168137260120 284
47 0.9549774887443722 0.044032432883108220 205 | 0.9649824912456229 0.034152492913123230 294
48 0.9514757378689345 0.044552888689242580 207 | 0.9644822411205602 0.034833743402313400 312
49 0.9514757378689345 0.043441720860430216 216 | 0.9654827413706853 0.033636818409204600 311
50 0.9544772386193097 0.042550687108260016 205 | 0.9674837418709354 0.033085170035998390 303
51 0.9484742371185593 0.042867587639973836 211 | 0.9619809904952477 0.033584099742178780 321
52 0.9479739869934968 0.043540638243650130 234 | 0.9619809904952477 0.034271852907585866 334
53 0.9484742371185593 0.041613399292238715 204 | 0.9619809904952477 0.032571841476293700 321
54 0.9484742371185593 0.040201919141388875 218 | 0.9614807403701850 0.031242894174359910 328
55 0.9469734867433717 0.041038376331022655 211 | 0.9599799899949975 0.031855213320946190 331
56 0.9469734867433717 0.040169207410722906 227 | 0.9594797398699350 0.031041836707827600 337
57 0.9474737368684342 0.039821634955408740 218 | 0.9609804902451226 0.030929257732314433 330
58 0.9474737368684342 0.039426492907470680 227 | 0.9614807403701850 0.030523736444493434 339
59 0.9459729864932466 0.039469734867433715 224 | 0.9609804902451226 0.030498582624645658 342
access %, disaccess %, accessG %, disaccessG %
0.00578986460486635 ,  0.05516904674722324 , 0.005677375790745611 , 0.0560368164591229