make network|V|=2000, |E|=4000
: 198.96849513053894[s]
simulation start
Accessible, ave_query, TABLE_REQ
t          not_group              group  
0 0.8768768768768769 4.896896896896897
1 0.9039039039039038 0.7535035035035035
2 0.9054054054054054 0.41207874541207873
3 0.9034034034034034 0.3252002002002002
4 0.9059059059059059 0.2847847847847848
5 0.9134134134134134 0.2241408074741408
6 0.9119119119119119 0.19011869011869012
7 0.9114114114114115 0.17404904904904905
8 0.9164164164164165 0.15109553998442887
9 0.9179179179179179 0.1400900900900901
10 0.91991991991992 0.12207662207662208
11 0.923923923923924 0.13421755088421755
12 0.924924924924925 0.11384461384461385
13 0.9229229229229229 0.10517660517660518
14 0.9244244244244244 0.09966633299966633
15 0.9264264264264265 0.08683683683683684
16 0.9304304304304304 0.07910852028499088
17 0.9454454454454454 0.06036592147703259
18 0.9454454454454454 0.05134081449870923
19 0.944944944944945 0.050075075075075075
20 0.9469469469469469 0.04699938033271367
21 0.9474474474474475 0.04381654381654382
22 0.9469469469469469 0.04306480393436915
23 0.9464464464464465 0.04177093760427094
24 0.9454454454454454 0.04698698698698699
25 0.9429429429429429 0.04038654038654039
26 0.9414414414414415 0.04044785526267008
27 0.943943943943944 0.04052266552266552
28 0.9459459459459459 0.038590314452383416
29 0.943943943943944 0.03742075408742075
access %, disaccess %
0.0059534515630058635 ,  0.045370796867802855
後半開始
30 0.9474474474474475 0.043704995317898544 2 | 0.9479479479479479 0.043575833898414545 2
31 0.950950950950951 0.028731856856856856 2 | 0.9514514514514515 0.02860673173173173 2
32 0.9514514514514515 0.03524736858070191 2 | 0.9519519519519519 0.035110868444201776 3
33 0.9454454454454454 0.02988282400047106 2 | 0.9464464464464465 0.029720897367956193 3
34 0.9474474474474475 0.03000143000143 1 | 0.9479479479479479 0.029844129844129843 2
35 0.9484484484484484 0.027833388944500055 3 | 0.9484484484484484 0.027777777777777776 3
36 0.9484484484484484 0.02594486378270162 2 | 0.9484484484484484 0.02589075562048535 2
37 0.9504504504504504 0.027408987935303726 2 | 0.9504504504504504 0.0273431326062905 2
38 0.9504504504504504 0.02508919175585842 3 | 0.9504504504504504 0.025037858371191705 3
39 0.9444444444444444 0.03006756756756757 5 | 0.9444444444444444 0.03001751751751752 5
40 0.943943943943944 0.02846749188212603 4 | 0.943943943943944 0.028418662565004027 4
41 0.9459459459459459 0.028933695600362266 3 | 0.9459459459459459 0.028886028886028887 3
42 0.9474474474474475 0.026060944665595828 3 | 0.9474474474474475 0.026049305119072563 3
43 0.9469469469469469 0.02418327418327418 3 | 0.9469469469469469 0.02414914914914915 3
44 0.9494494494494494 0.023223223223223222 3 | 0.9494494494494494 0.023189856523189858 3
45 0.950950950950951 0.023153588370979677 3 | 0.950950950950951 0.02312094703399051 3
46 0.948948948948949 0.023267948799863693 1 | 0.948948948948949 0.023236001959406213 2
47 0.9524524524524525 0.023846763430096764 1 | 0.9524524524524525 0.023815482148815483 2
48 0.9554554554554554 0.023339666196809054 1 | 0.9554554554554554 0.023329451900880472 2
49 0.9579579579579579 0.021351351351351352 1 | 0.9584584584584585 0.02132132132132132 2
50 0.9674674674674675 0.019283989872225165 2 | 0.9679679679679679 0.019205479989793717 3
51 0.9694694694694694 0.019096019096019098 2 | 0.9694694694694694 0.019067144067144066 2
52 0.9704704704704705 0.01521332653408125 2 | 0.9704704704704705 0.015184996317071788 2
53 0.968968968968969 0.018676083490898304 2 | 0.968968968968969 0.018611203796388982 2
54 0.9684684684684685 0.016907816907816908 2 | 0.9684684684684685 0.016844116844116845 2
55 0.9684684684684685 0.016176891176891178 2 | 0.9684684684684685 0.016114328614328613 2
56 0.965965965965966 0.015559419068190998 2 | 0.965965965965966 0.015497954094445323 2
57 0.9669669669669669 0.01728452590521556 2 | 0.9669669669669669 0.01725863794829312 3
58 0.9634634634634635 0.017186678203627355 4 | 0.9634634634634635 0.017135779847644254 4
59 0.9644644644644644 0.014247580914247581 3 | 0.9644644644644644 0.014197530864197531 4
60 0.9644644644644644 0.015769868228884622 2 | 0.9644644644644644 0.015720638671458342 3
61 0.9674674674674675 0.014756692176047016 3 | 0.9674674674674675 0.014708256643740515 4
62 0.9684684684684685 0.014943514943514943 3 | 0.9684684684684685 0.014911737133959355 4
63 0.9669669669669669 0.014029654654654654 3 | 0.9669669669669669 0.013998373373373374 4
64 0.9654654654654654 0.014337414337414338 3 | 0.9654654654654654 0.014306614306614307 4
65 0.9634634634634635 0.014044347377680712 3 | 0.9634634634634635 0.01400643067309734 4
66 0.965965965965966 0.01568732912016494 4 | 0.965965965965966 0.015672388806717164 4
67 0.965965965965966 0.013086616027792498 3 | 0.965965965965966 0.013071895424836602 3
68 0.963963963963964 0.01685743714729222 3 | 0.9644644644644644 0.016828422625524076 3
69 0.9664664664664665 0.013163163163163164 3 | 0.9669669669669669 0.013134563134563135 3
70 0.968968968968969 0.01149741290586361 3 | 0.9694694694694694 0.011469215694567807 3
71 0.9684684684684685 0.01577271716160605 3 | 0.968968968968969 0.01574491157824491 3
72 0.9744744744744744 0.0136986301369863 3 | 0.9744744744744744 0.013684917794506835 3
73 0.9744744744744744 0.010835159483808133 1 | 0.9744744744744744 0.010808105402699997 1
74 0.973973973973974 0.01121121121121121 1 | 0.973973973973974 0.011184517851184518 1
75 0.972972972972973 0.01264422317053896 2 | 0.972972972972973 0.01261788103893367 2
76 0.9754754754754755 0.010738010738010739 2 | 0.9754754754754755 0.010718510718510718 2
77 0.977977977977978 0.012955262955262956 1 | 0.977977977977978 0.012916762916762917 1
78 0.9744744744744744 0.012417480771911151 1 | 0.9744744744744744 0.012404809873164304 1
79 0.9764764764764765 0.009884884884884884 0 | 0.9764764764764765 0.009884884884884884 0
80 0.9774774774774775 0.010584658732806881 0 | 0.9774774774774775 0.010584658732806881 1
81 0.9754754754754755 0.01066920579115701 0 | 0.9754754754754755 0.01066920579115701 1
82 0.9769769769769769 0.01001001001001001 0 | 0.9769769769769769 0.01001001001001001 1
83 0.975975975975976 0.010456885456885457 0 | 0.975975975975976 0.010468802135468802 1
84 0.974974974974975 0.010139551316021905 0 | 0.974974974974975 0.010151327798386622 1
85 0.9714714714714715 0.0084037525897991 0 | 0.9714714714714715 0.008415392136322369 1
86 0.9754754754754755 0.008594801698249974 6 | 0.9754754754754755 0.008589048818933876 7
87 0.975975975975976 0.007194694694694695 2 | 0.975975975975976 0.007194694694694695 3
88 0.9754754754754755 0.007828052771872996 2 | 0.9754754754754755 0.007822429170743777 3
89 0.9784784784784785 0.008825492158825492 3 | 0.9784784784784785 0.00880880880880881 3
90 0.97997997997998 0.006968506968506968 6 | 0.97997997997998 0.006968506968506968 7
91 0.97997997997998 0.00806241023632328 6 | 0.97997997997998 0.008046089567828698 6
92 0.9824824824824825 0.0059468070220758396 6 | 0.9824824824824825 0.005930661844640339 6
93 0.9824824824824825 0.0066183204481076825 7 | 0.9824824824824825 0.006602347027878943 7
94 0.982982982982983 0.007180865075601918 7 | 0.982982982982983 0.007165059796638744 7
95 0.9824824824824825 0.006230188521855189 7 | 0.9824824824824825 0.0062145478812145475 7
96 0.9834834834834835 0.006269155753691837 8 | 0.9834834834834835 0.00625367635676914 8
97 0.9844844844844844 0.0058170415313272454 7 | 0.9844844844844844 0.005801720087434373 7
98 0.983983983983984 0.006339673006339673 4 | 0.983983983983984 0.006339673006339673 4
99 0.983983983983984 0.006036036036036036 3 | 0.983983983983984 0.006036036036036036 3
100 0.9854854854854855 0.004618479866004619 4 | 0.9854854854854855 0.004618479866004619 4
101 0.9824824824824825 0.007522228110463405 3 | 0.9824824824824825 0.007512414375159473 3
102 0.9824824824824825 0.005874806845680632 0 | 0.9824824824824825 0.005874806845680632 0
103 0.980980980980981 0.008527758527758528 1 | 0.980980980980981 0.008527758527758528 1
104 0.9814814814814815 0.007154773821440488 1 | 0.9814814814814815 0.007154773821440488 1
105 0.97997997997998 0.007427238559314031 1 | 0.97997997997998 0.007427238559314031 1
106 0.9794794794794794 0.00834011581675133 1 | 0.9794794794794794 0.00834011581675133 1
107 0.9804804804804805 0.0077253179105030954 1 | 0.9804804804804805 0.0077253179105030954 1
108 0.9804804804804805 0.0061988594098685845 1 | 0.9804804804804805 0.0061988594098685845 1
109 0.9819819819819819 0.006247156247156247 0 | 0.9819819819819819 0.006247156247156247 0
110 0.9864864864864865 0.005604703802902001 0 | 0.9864864864864865 0.005604703802902001 0
111 0.9874874874874875 0.005125661375661375 3 | 0.9874874874874875 0.005116723866723866 3
112 0.98998998998999 0.005408062930186824 6 | 0.98998998998999 0.005381487682372638 6
113 0.9894894894894894 0.004609873030925663 5 | 0.9894894894894894 0.004583530899320373 5
114 0.988988988988989 0.004830917874396135 5 | 0.988988988988989 0.004800452626539583 4
115 0.9904904904904905 0.004923026474750613 6 | 0.9904904904904905 0.0048928238583411 5
116 0.990990990990991 0.004649949094393539 5 | 0.9914914914914915 0.004632837966171299 4
117 0.9914914914914915 0.005064386420318623 6 | 0.991991991991992 0.00504742030165759 5
118 0.9914914914914915 0.0043825337942985 5 | 0.9914914914914915 0.004365710248063189 4
119 0.9904904904904905 0.0059392726059392725 5 | 0.9904904904904905 0.005922589255922589 4
120 0.9884884884884885 0.006084596993687903 5 | 0.9884884884884885 0.0060680515225969775 4
121 0.9884884884884885 0.006190616846354551 8 | 0.9884884884884885 0.006170104530760268 7
122 0.9854854854854855 0.0048951390414805045 6 | 0.9854854854854855 0.004874793492679672 5
123 0.986986986986987 0.005029222771158255 6 | 0.986986986986987 0.00500904129936388 5
124 0.987987987987988 0.005513513513513513 7 | 0.987987987987988 0.005497497497497498 6
125 0.986986986986987 0.004576004576004576 4 | 0.986986986986987 0.0045601156712267825 3
126 0.987987987987988 0.004737020485051981 4 | 0.987987987987988 0.004721256689760627 3
127 0.9884884884884885 0.005329548298298298 5 | 0.9884884884884885 0.005302177177177177 4
128 0.988988988988989 0.004682977551194605 5 | 0.988988988988989 0.0046558186093069815 4
129 0.9894894894894894 0.0040733040733040736 4 | 0.9894894894894894 0.004057904057904058 3
130 0.987987987987988 0.00458473740916489 6 | 0.987987987987988 0.004565634336626703 5
131 0.9874874874874875 0.0043035459702126366 6 | 0.9874874874874875 0.004284587617920952 5
132 0.986986986986987 0.004331399068241174 6 | 0.986986986986987 0.004312583259951681 5
133 0.985985985985986 0.00415714221684371 6 | 0.985985985985986 0.004138466825033989 5
134 0.9884884884884885 0.0045601156712267825 6 | 0.9884884884884885 0.0045415786156526895 5
135 0.9884884884884885 0.0045081846552434785 4 | 0.9884884884884885 0.004493464052287581 4
136 0.9894894894894894 0.005045191176578038 4 | 0.9894894894894894 0.005030578023278753 4
137 0.990990990990991 0.004580667624145885 6 | 0.990990990990991 0.004562533548040795 5
138 0.9904904904904905 0.004122827863835058 6 | 0.9904904904904905 0.004104824248709141 5
139 0.98998998998999 0.0048584298584298585 6 | 0.98998998998999 0.0048405548405548405 5
140 0.990990990990991 0.00437316749373487 6 | 0.990990990990991 0.00435541924903627 5
141 0.98998998998999 0.004715983589223026 7 | 0.98998998998999 0.004698360332163149 6
142 0.986986986986987 0.006422506422506423 8 | 0.986986986986987 0.006405006405006405 7
143 0.9884884884884885 0.005283060838616394 7 | 0.9884884884884885 0.0052656823490156825 6
144 0.9894894894894894 0.006092299195747472 7 | 0.9894894894894894 0.006081944012978496 7
145 0.98998998998999 0.00539580676566978 8 | 0.98998998998999 0.005382094423190314 7
146 0.990990990990991 0.005757458138410519 7 | 0.990990990990991 0.0057438390771724105 6
147 0.9884884884884885 0.0061920028136244355 7 | 0.9884884884884885 0.006178475773070367 6
148 0.98998998998999 0.00523678040456564 8 | 0.98998998998999 0.005226703213280394 7
149 0.98998998998999 0.006082749416082749 11 | 0.98998998998999 0.0060593927260593925 10
150 0.990990990990991 0.005333147717253677 10 | 0.990990990990991 0.005306631134445704 9
151 0.9924924924924925 0.004981955639850376 9 | 0.9924924924924925 0.004949027975343765 8
152 0.9914914914914915 0.005021361230511557 9 | 0.9914914914914915 0.004988648779498453 8
153 0.9914914914914915 0.004988754988754989 8 | 0.9914914914914915 0.004962754962754962 8
154 0.9924924924924925 0.006490361329071007 7 | 0.9924924924924925 0.006470987116148406 7
155 0.990990990990991 0.006320422987089654 9 | 0.990990990990991 0.006304381304381304 9
156 0.990990990990991 0.0057732892127796585 8 | 0.990990990990991 0.005757349706394292 8
157 0.98998998998999 0.005815942524803284 8 | 0.98998998998999 0.0058001039013697245 8
158 0.9904904904904905 0.007384743233799837 9 | 0.9904904904904905 0.007369004224350136 9
159 0.9914914914914915 0.0063813813813813815 10 | 0.9914914914914915 0.00636574074074074 10
160 0.991991991991992 0.007585224976529324 10 | 0.991991991991992 0.007569681482724961 10
161 0.990990990990991 0.006111049320925864 10 | 0.990990990990991 0.006098691283876469 10
162 0.9894894894894894 0.006472730399110767 10 | 0.9894894894894894 0.006457377623021795 10
163 0.9894894894894894 0.006747601259796382 12 | 0.9894894894894894 0.006729290265875632 12
164 0.988988988988989 0.0064185397518730855 11 | 0.988988988988989 0.006412473079139746 11
165 0.98998998998999 0.006310527394864744 10 | 0.98998998998999 0.00630449726835269 10
166 0.9914914914914915 0.006503509497521474 12 | 0.9914914914914915 0.006497515479551408 12
167 0.991991991991992 0.005639568139568139 11 | 0.991991991991992 0.00563063063063063 11
168 0.991991991991992 0.0056387748695441 9 | 0.991991991991992 0.0056298902452748606 9
169 0.9924924924924925 0.005802861685214627 9 | 0.9924924924924925 0.005794029323441088 9
170 0.991991991991992 0.006216743058848322 9 | 0.991991991991992 0.0062079623483132255 9
171 0.9924924924924925 0.006320273762134228 7 | 0.9924924924924925 0.0063144539888725934 7
172 0.992992992992993 0.005389782846430245 7 | 0.992992992992993 0.005378210580522719 7
173 0.9924924924924925 0.005341548444996721 7 | 0.9924924924924925 0.005321413367390379 7
174 0.9924924924924925 0.005362505362505363 9 | 0.9924924924924925 0.005342485342485342 9
175 0.991991991991992 0.00613966238966239 7 | 0.991991991991992 0.00611975611975612 7
176 0.9924924924924925 0.005375431929104246 5 | 0.9924924924924925 0.005358465810443211 5
177 0.9924924924924925 0.005182148440575407 4 | 0.9924924924924925 0.00516527763718775 4
178 0.991991991991992 0.006221305103986668 4 | 0.991991991991992 0.006212916827441967 4
179 0.991991991991992 0.005641752863975086 6 | 0.991991991991992 0.005636191747302858 5
180 0.9914914914914915 0.004977353043651386 7 | 0.9914914914914915 0.004957996670703853 6
181 0.991991991991992 0.004460504460504461 3 | 0.991991991991992 0.004452254452254452 3
182 0.9884884884884885 0.005051499587018712 5 | 0.9884884884884885 0.005043294660781 5
183 0.9844844844844844 0.005244374809592201 4 | 0.9844844844844844 0.005233494363929146 4
184 0.985985985985986 0.005556908259610962 4 | 0.985985985985986 0.005548792035278522 4
185 0.985985985985986 0.005610449158836256 4 | 0.985985985985986 0.005602376570118505 4
186 0.8858858858858859 0.010042127689186513 5 | 0.8858858858858859 0.010034098269392387 5
187 0.8858858858858859 0.009789044363512448 6 | 0.8858858858858859 0.00977307094328371 6
188 0.8863863863863863 0.010081510081510082 6 | 0.8863863863863863 0.010068269327528587 6
189 0.8853853853853854 0.0104367525420157 7 | 0.8853853853853854 0.010423581476213055 7
190 0.8863863863863863 0.009685077747904973 6 | 0.8863863863863863 0.009671975640562028 6
191 0.8848848848848849 0.010270687354020687 10 | 0.8848848848848849 0.010257653486820154 10
192 0.8853853853853854 0.010124113751056756 9 | 0.8853853853853854 0.010111147416846898 9
193 0.8853853853853854 0.009942932623344995 8 | 0.8853853853853854 0.009930033125909414 8
194 0.8863863863863863 0.009976643309976644 7 | 0.8863863863863863 0.009963809963809963 7
195 0.8873873873873874 0.010084063655492227 12 | 0.8873873873873874 0.0100712957855815 12
196 0.8878878878878879 0.009880438814448967 12 | 0.8878878878878879 0.00986773575606063 12
197 0.8883883883883884 0.009666231888454111 16 | 0.8883883883883884 0.009651065206620763 16
198 0.8893893893893894 0.00967298957248706 17 | 0.8893893893893894 0.009657899105135285 17
199 0.8898898898898899 0.01032032032032032 21 | 0.8898898898898899 0.010305305305305306 21
200 0.8898898898898899 0.009711203741054487 19 | 0.8898898898898899 0.00969626342760671 19
201 0.8898898898898899 0.009224571105759225 18 | 0.8898898898898899 0.009212182479509213 18
202 0.8898898898898899 0.008927646858681342 19 | 0.8898898898898899 0.008915319260146846 19
203 0.8928928928928929 0.009016369310486957 19 | 0.8928928928928929 0.009004102141357044 19
204 0.8883883883883884 0.008759979491686809 19 | 0.8883883883883884 0.008747772162406308 19
205 0.8833833833833834 0.00975247091751946 18 | 0.8833833833833834 0.009740322847118964 18
206 0.8828828828828829 0.009734372053212634 19 | 0.8828828828828829 0.009722282669142572 19
207 0.8828828828828829 0.010002791252791252 18 | 0.8828828828828829 0.009990759990759992 18
208 0.8823823823823824 0.010086641665589034 19 | 0.8823823823823824 0.010074667969404812 19
209 0.8818818818818819 0.009752609752609753 19 | 0.8818818818818819 0.009740693074026408 19
210 0.8793793793793794 0.009630483564132854 19 | 0.8793793793793794 0.009618623362699192 19
211 0.8793793793793794 0.00934188905887019 18 | 0.8793793793793794 0.009330084801782915 18
212 0.8793793793793794 0.009300380192398972 19 | 0.8793793793793794 0.009295680657183005 19
213 0.8793793793793794 0.009324745306053718 21 | 0.8793793793793794 0.009320067731282685 21
214 0.8803803803803804 0.009174290569639407 20 | 0.8803803803803804 0.0091696347510301 20
215 0.8803803803803804 0.009368164460757054 20 | 0.8803803803803804 0.00936353019686353 21
216 0.8818818818818819 0.009350364189073866 17 | 0.8818818818818819 0.009343444827315795 18
217 0.8828828828828829 0.00893554104563279 16 | 0.8828828828828829 0.008928653424066268 17
218 0.8828828828828829 0.008657058885369388 16 | 0.8828828828828829 0.008650202714129654 17
219 0.8828828828828829 0.009027209027209028 19 | 0.8828828828828829 0.00902038402038402 20
220 0.8838838838838838 0.008943332472744238 18 | 0.8838838838838838 0.008936538348303054 19
221 0.8833833833833834 0.008555853150447745 17 | 0.8833833833833834 0.008553598643688733 18
222 0.8833833833833834 0.009787814720550146 17 | 0.8833833833833834 0.009767615148781068 18
223 0.8848848848848849 0.008716305591305592 18 | 0.8848848848848849 0.008693961818961819 18
224 0.8848848848848849 0.007910132354576799 16 | 0.8853853853853854 0.007885663441218996 16
225 0.8843843843843844 0.007582804042981034 13 | 0.8848848848848849 0.007562872607120395 13
226 0.8848848848848849 0.007287022705524908 13 | 0.8853853853853854 0.007267179073346474 13
227 0.8858858858858859 0.00737579684948106 14 | 0.8858858858858859 0.007358235428410867 14
228 0.8843843843843844 0.007697653985863593 15 | 0.8843843843843844 0.007680169252221654 15
229 0.8838838838838838 0.007561909735822779 15 | 0.8838838838838838 0.0075357966662314485 14
230 0.8853853853853854 0.007332007332007332 14 | 0.8853853853853854 0.007314673981340648 15
231 0.8848848848848849 0.007490248869559214 16 | 0.8848848848848849 0.007464360912636775 16
232 0.8853853853853854 0.0067492385088951615 14 | 0.8853853853853854 0.006732053942354372 15
233 0.8848848848848849 0.006688312243867799 14 | 0.8848848848848849 0.0066626455515344405 14
234 0.8858858858858859 0.006785508913168488 13 | 0.8858858858858859 0.0067684705982578326 14
235 0.8888888888888888 0.006546801038326462 17 | 0.8888888888888888 0.006521351860334911 17
236 0.8893893893893894 0.006512841955879931 15 | 0.8893893893893894 0.006495947424217466 16
237 0.8893893893893894 0.006626374273433097 17 | 0.8893893893893894 0.00660113895408013 17
238 0.8903903903903904 0.0069588416868751595 18 | 0.8903903903903904 0.006942088532046691 19
239 0.8893893893893894 0.0064710543877210544 15 | 0.8893893893893894 0.006456456456456456 16
240 0.8893893893893894 0.007125382644054843 19 | 0.8893893893893894 0.007112922050681387 20
241 0.8898898898898899 0.0067650294923022195 15 | 0.8898898898898899 0.0067526203889840255 16
242 0.8898898898898899 0.006473551741041453 16 | 0.8898898898898899 0.0064488356669426625 17
243 0.8893893893893894 0.006937265133986446 17 | 0.8893893893893894 0.006914701586832734 18
244 0.8908908908908909 0.006287920573634859 16 | 0.8908908908908909 0.006245020530734817 19
245 0.8868868868868869 0.00639257143322184 15 | 0.8868868868868869 0.006357984000260423 18
246 0.9804804804804805 0.003412319201792886 5 | 0.9804804804804805 0.003379898116740222 6
247 0.980980980980981 0.0031846362491523782 5 | 0.9814814814814815 0.003144273305563628 6
248 0.982982982982983 0.003089434816342447 5 | 0.9834834834834835 0.003049233972928752 6
249 0.9834834834834835 0.002862862862862863 5 | 0.983983983983984 0.002822822822822823 6
250 0.983983983983984 0.0028414869052319253 4 | 0.9844844844844844 0.0027996123613653495 6
251 0.983983983983984 0.002468738579849691 3 | 0.9844844844844844 0.002427030204807983 5
252 0.9834834834834835 0.00297530732313341 5 | 0.983983983983984 0.0029278290147855364 7
253 0.9834834834834835 0.002888715487140684 5 | 0.983983983983984 0.002835512678032363 7
254 0.9834834834834835 0.0030285187147932246 6 | 0.983983983983984 0.002973561797091209 8
255 0.980980980980981 0.0030890265265265267 8 | 0.9814814814814815 0.0030381944444444445 10
256 0.980980980980981 0.0032328047892250227 7 | 0.9814814814814815 0.0031880129156393747 9
257 0.9814814814814815 0.0030728402821426077 6 | 0.9819819819819819 0.0030282220204700823 8
258 0.97997997997998 0.0032271653893275517 8 | 0.980980980980981 0.0031807869645707485 10
259 0.9804804804804805 0.003663278663278663 6 | 0.9814814814814815 0.0036132286132286133 8
260 0.97997997997998 0.0031755893824859343 7 | 0.980980980980981 0.0031295663479571525 9
261 0.9794794794794794 0.0032838181693143524 6 | 0.9804804804804805 0.003237970795222704 8
262 0.9794794794794794 0.003067706489759722 5 | 0.9804804804804805 0.003020130396556252 8
263 0.978978978978979 0.0030181696848363515 7 | 0.97997997997998 0.0029802529802529804 8
264 0.978978978978979 0.002653596993219635 4 | 0.97997997997998 0.0026158233705403516 5
265 0.97997997997998 0.00308579255947677 6 | 0.97997997997998 0.00308579255947677 7
266 0.980980980980981 0.0026430925307329802 3 | 0.980980980980981 0.0026337198621842815 4
267 0.980980980980981 0.0031393333632139604 3 | 0.980980980980981 0.0031299956673091003 4
268 0.9784784784784785 0.003248601761612914 3 | 0.9784784784784785 0.0032392987783322357 4
269 0.9794794794794794 0.0030122715307900495 3 | 0.97997997997998 0.002975197419641864 3
270 0.9794794794794794 0.0027425949935175028 3 | 0.97997997997998 0.002705657687207503 3
271 0.9784784784784785 0.00297908202319967 10 | 0.978978978978979 0.0029386003650709535 11
272 0.9784784784784785 0.0027408360741694076 7 | 0.978978978978979 0.002702336035669369 7
273 0.980980980980981 0.0026084478639223163 7 | 0.9814814814814815 0.002566435048186873 7
274 0.980980980980981 0.0028246428246428246 9 | 0.9814814814814815 0.0027827827827827827 9
275 0.9814814814814815 0.002703790747269008 8 | 0.9819819819819819 0.0026675225950588267 8
276 0.980980980980981 0.002867488427055214 5 | 0.9814814814814815 0.0028331580678151074 5
277 0.9804804804804805 0.0027653552833408947 4 | 0.980980980980981 0.002731148414601652 4
278 0.9804804804804805 0.002929452750241281 5 | 0.980980980980981 0.002898956303974225 7
279 0.980980980980981 0.002885027885027885 4 | 0.9814814814814815 0.002852852852852853 6
280 0.9794794794794794 0.0021765537779772654 4 | 0.97997997997998 0.0021427121071249185 5
281 0.9774774774774775 0.002672885651609056 6 | 0.977977977977978 0.002639163986681717 8
282 0.9819819819819819 0.0022407566577177887 4 | 0.9824824824824825 0.002207154150617048 5
283 0.9814814814814815 0.0020301992132978047 4 | 0.9819819819819819 0.001996715024884039 5
284 0.9814814814814815 0.0023813286971181707 5 | 0.9814814814814815 0.0023672795602620164 6
285 0.980980980980981 0.002352002352002352 5 | 0.980980980980981 0.002345002345002345 8
286 0.980980980980981 0.0018642335715506448 4 | 0.980980980980981 0.0018502823380872162 5
287 0.980980980980981 0.0019133717050383717 5 | 0.9814814814814815 0.001887303970637304 6
288 0.9814814814814815 0.002071275427676812 4 | 0.9814814814814815 0.00205915257818372 6
289 0.9824824824824825 0.002454178316247282 5 | 0.9824824824824825 0.002438645542093818 6
290 0.9824824824824825 0.0019744830741394315 6 | 0.9824824824824825 0.0019590036772167358 7
291 0.9834834834834835 0.0026670506122560915 7 | 0.9834834834834835 0.0026601944410163587 8
292 0.9834834834834835 0.002398302739599668 8 | 0.983983983983984 0.002381220811254941 10
293 0.984984984984985 0.0028191456762885333 8 | 0.984984984984985 0.002807228997705188 12
294 0.9854854854854855 0.002210685261532719 8 | 0.9854854854854855 0.002195415754737789 10
295 0.9854854854854855 0.002206598490382274 6 | 0.9854854854854855 0.0021896896896896898 10
296 0.9854854854854855 0.002151983633465115 6 | 0.9854854854854855 0.00213176139102065 10
297 0.9854854854854855 0.0022975996130358547 6 | 0.985985985985986 0.0022656885072992457 9
298 0.984984984984985 0.0019199801808497462 6 | 0.985985985985986 0.0018831540570671006 9
299 0.9854854854854855 0.00169336002669336 3 | 0.985985985985986 0.0016700033366700033 6
300 0.984984984984985 0.00202361830268807 6 | 0.985985985985986 0.0019820484936764007 9
301 0.983983983983984 0.0015313326571604717 3 | 0.9844844844844844 0.0015015015015015015 7
302 0.9834834834834835 0.0015031533183348365 4 | 0.983983983983984 0.0014750724321681418 9
303 0.9844844844844844 0.0014438780886149307 6 | 0.984984984984985 0.0014109504241083188 11
304 0.983983983983984 0.002128357866062784 9 | 0.9844844844844844 0.0020873332348742184 13
305 0.9844844844844844 0.001553841423122469 6 | 0.984984984984985 0.0015227645946600196 10
306 0.9844844844844844 0.0016873551075505472 6 | 0.9854854854854855 0.0016547492117524691 10
307 0.9844844844844844 0.001547001547001547 6 | 0.9854854854854855 0.0015145015145015144 10
308 0.984984984984985 0.0018303092736749694 8 | 0.985985985985986 0.0017979144192736426 14
309 0.98998998998999 0.0013610384578126515 5 | 0.990990990990991 0.0013287481029416513 9
310 0.98998998998999 0.0011683709432905574 5 | 0.990990990990991 0.0011361844159271813 7
311 0.9884884884884885 0.0015095223428556763 4 | 0.9894894894894894 0.0014742306408973076 4
312 0.988988988988989 0.0016406182540367844 5 | 0.9894894894894894 0.0016118354776501742 5
313 0.9904904904904905 0.0014377434759600364 6 | 0.990990990990991 0.0014106463151049137 8
314 0.985985985985986 0.0017700239922462146 7 | 0.985985985985986 0.0017541350874684207 8
315 0.990990990990991 0.0014555694935441772 5 | 0.990990990990991 0.001433395420737193 6
316 0.9914914914914915 0.0016262319101435821 6 | 0.9914914914914915 0.0015978123233643738 8
317 0.9914914914914915 0.0015235361147310834 6 | 0.9914914914914915 0.001495205897721621 8
318 0.995995995995996 0.0015077773698463353 7 | 0.995995995995996 0.0014905187318980423 8
319 0.995995995995996 0.0014123498498498498 6 | 0.995995995995996 0.0013982732732732734 7
320 0.9974974974974975 0.0014594033285622071 6 | 0.9974974974974975 0.0014484889874297974 8
321 0.996996996996997 0.002348621913839305 9 | 0.996996996996997 0.0023221979743718872 11
322 0.996996996996997 0.001575879284857613 7 | 0.996996996996997 0.0015479876160990713 9
323 0.996996996996997 0.0017069538674476946 7 | 0.996996996996997 0.00168069303871773 10
324 0.997997997997998 0.0017001617001617003 5 | 0.997997997997998 0.001690921690921691 8
325 0.997997997997998 0.0013556501286562637 3 | 0.997997997997998 0.001352579573438469 4
326 0.9974974974974975 0.0018106791807097618 4 | 0.9974974974974975 0.0018045568504284101 5
327 0.9984984984984985 0.001561012231743939 5 | 0.9984984984984985 0.0015549085671036891 6
328 0.994994994994995 0.0015897356322888238 5 | 0.994994994994995 0.0015836505198207325 6
329 0.9954954954954955 0.0013665180331847 4 | 0.9954954954954955 0.0013604513604513605 5
330 0.9954954954954955 0.0015347673957945862 4 | 0.9954954954954955 0.0015272069652734306 7
331 0.995995995995996 0.0019009973829250937 4 | 0.995995995995996 0.001890444661528999 6
332 0.9954954954954955 0.0015901787673559444 4 | 0.9954954954954955 0.0015841667493319146 6
333 0.994994994994995 0.0016993040945136753 7 | 0.994994994994995 0.0016843190495885107 8
334 0.995995995995996 0.0014910432820880583 6 | 0.995995995995996 0.0014731149059507267 7
335 0.9954954954954955 0.001839637256303923 7 | 0.9954954954954955 0.001821762238428905 10
336 0.9954954954954955 0.0017614053222361828 7 | 0.9954954954954955 0.001749524004716883 7
337 0.9954954954954955 0.0014911361065207218 6 | 0.9954954954954955 0.0014807707115399424 7
338 0.993993993993994 0.0014143937447772257 6 | 0.993993993993994 0.0014025825235264764 6
339 0.997997997997998 0.0014175940646528882 5 | 0.997997997997998 0.0014117058234705293 6
340 0.997997997997998 0.0013547271611787741 4 | 0.997997997997998 0.001348856187565865 5
341 0.9984984984984985 0.0013536928741607105 5 | 0.9984984984984985 0.0013478390671373128 6
342 0.9984984984984985 0.001311807434256414 5 | 0.9984984984984985 0.0013088890639911049 8
343 0.998998998998999 0.0014360290523081222 5 | 0.998998998998999 0.0014331191656773053 8
344 0.998998998998999 0.0012128070099084592 4 | 0.998998998998999 0.0012084548316432374 6
345 0.998998998998999 0.0010979187279765315 4 | 0.998998998998999 0.0010935791282612093 6
346 0.9994994994994995 0.0011668729247979969 4 | 0.9994994994994995 0.0011625458311337275 6
347 0.9994994994994995 0.0011850931391161276 3 | 0.9994994994994995 0.0011793402598000299 4
348 0.9994994994994995 0.0013093322548909942 3 | 0.9994994994994995 0.001303595859469785 4
349 0.998998998998999 0.00128986128986129 6 | 0.998998998998999 0.0012784212784212785 9
350 0.998998998998999 0.0013788717492421196 5 | 0.998998998998999 0.0013660384030754402 7
351 0.997997997997998 0.0016095641095641095 8 | 0.997997997997998 0.0015967672217672218 10
352 0.9984984984984985 0.00121367826750263 7 | 0.9984984984984985 0.0012037533283992207 8
353 0.997997997997998 0.0011155223019629799 7 | 0.997997997997998 0.001107039242632463 8
354 0.9984984984984985 0.0013520562816337464 7 | 0.9984984984984985 0.0013421872576802154 8
355 0.998998998998999 0.0017798697573978472 7 | 0.998998998998999 0.0017714343557040187 9
356 0.998998998998999 0.0014580406737269482 7 | 0.998998998998999 0.0014496289006092928 9
357 0.998998998998999 0.0012582414817051688 7 | 0.998998998998999 0.0012484551590696842 8
358 0.9994994994994995 0.0015001073496895224 10 | 0.9994994994994995 0.0014903482870056686 11
359 0.9994994994994995 0.0013958402847291736 6 | 0.9994994994994995 0.001386108330552775 7
360 0.998998998998999 0.0015583450486497579 6 | 0.998998998998999 0.0015472536248159518 7
361 0.998998998998999 0.0014061022348315166 6 | 0.998998998998999 0.001395041450290069 7
362 0.998998998998999 0.0012353951747891142 5 | 0.998998998998999 0.0012271224392436514 6
363 0.9994994994994995 0.0016926266926266926 4 | 0.9994994994994995 0.0016843766843766845 7
364 0.998998998998999 0.0012491943998793314 6 | 0.998998998998999 0.0012423382286395985 10
365 0.998998998998999 0.0009722837591690051 5 | 0.998998998998999 0.0009599763698124354 7
366 0.998998998998999 0.0013119386416389142 5 | 0.998998998998999 0.001305119833730188 8
367 0.9994994994994995 0.0011954889672280977 5 | 0.9994994994994995 0.0011886886886886888 7
368 0.9994994994994995 0.000942677094438612 5 | 0.9994994994994995 0.0009331825049982232 6
369 0.998998998998999 0.001738224711197684 6 | 0.998998998998999 0.0017328138949760572 9
370 0.993993993993994 0.0018927283078226474 5 | 0.993993993993994 0.0018859830180584897 7
371 0.991991991991992 0.0020867641835383773 7 | 0.991991991991992 0.002070619006102877 10
372 0.990990990990991 0.0019308853089013947 4 | 0.990990990990991 0.0019228343625126466 7
373 0.990990990990991 0.0018092959269429857 5 | 0.990990990990991 0.0018012665071488602 8
374 0.9914914914914915 0.0020273606940273605 7 | 0.9914914914914915 0.0020206873540206875 12
375 0.991991991991992 0.001994015291887632 6 | 0.991991991991992 0.001980704108363683 9
376 0.9924924924924925 0.0017656914208638347 6 | 0.9924924924924925 0.0017471051953810574 8
377 0.991991991991992 0.0019927334742149555 6 | 0.991991991991992 0.001974196418640863 9
378 0.990990990990991 0.0019055995309293463 6 | 0.990990990990991 0.0018884319675876403 8
379 0.9894894894894894 0.001896633475580844 8 | 0.9894894894894894 0.0018795110900374059 10
380 0.987987987987988 0.0019665334625964545 8 | 0.987987987987988 0.0019520833169127132 11
381 0.9904904904904905 0.0021133699144170346 9 | 0.9904904904904905 0.0020963371748712063 12
382 0.9904904904904905 0.0018896180776076337 8 | 0.9904904904904905 0.001867402650692468 11
383 0.9904904904904905 0.0019498665331998666 8 | 0.9904904904904905 0.0019264055722389055 11
384 0.9904904904904905 0.0017953017953017954 7 | 0.9904904904904905 0.0017862017862017862 10
385 0.9904904904904905 0.0018062103554331533 7 | 0.9904904904904905 0.0017945406546442816 11
386 0.98998998998999 0.001608843986104968 6 | 0.98998998998999 0.0015984977225287304 8
387 0.98998998998999 0.002045860293282974 7 | 0.98998998998999 0.0020355406953345098 9
388 0.9854854854854855 0.0017781277421380249 5 | 0.9854854854854855 0.0017665480390416123 7
389 0.985985985985986 0.0018030851364184697 5 | 0.985985985985986 0.0017889684556351222 8
390 0.985985985985986 0.001610305958132045 4 | 0.985985985985986 0.0016039056959773071 6
391 0.985985985985986 0.0014095728381442667 3 | 0.985985985985986 0.001403188903188903 5
392 0.984984984984985 0.0015766402534850372 3 | 0.984984984984985 0.0015689990244697623 4
393 0.9854854854854855 0.0012283857461522435 3 | 0.9854854854854855 0.0012220342169580749 4
394 0.985985985985986 0.0016155395902231345 3 | 0.985985985985986 0.0016079370509750257 3
395 0.985985985985986 0.0016064043841821619 3 | 0.985985985985986 0.0015988210432654878 3
396 0.985985985985986 0.0014119913364245857 3 | 0.985985985985986 0.0014044270971223113 3
397 0.985985985985986 0.0015555756761786912 3 | 0.985985985985986 0.0015480304425028043 3
398 0.985985985985986 0.0013860978773259475 3 | 0.985985985985986 0.0013785715540101506 3
399 0.985985985985986 0.001423923923923924 3 | 0.985985985985986 0.0014164164164164163 3
400 0.985985985985986 0.0016200739392759342 3 | 0.985985985985986 0.0016088407609604618 4
401 0.985985985985986 0.0013657936543508683 3 | 0.985985985985986 0.0013533433931443883 3
402 0.985985985985986 0.0013909691329046167 3 | 0.985985985985986 0.0013760658921949244 3
403 0.985985985985986 0.001494068325751494 4 | 0.985985985985986 0.0014816796995014818 7
404 0.985985985985986 0.0020057094131168203 5 | 0.985985985985986 0.0019933513760674254 6
405 0.984984984984985 0.0018737949772432531 6 | 0.984984984984985 0.001863932898415657 8
406 0.985985985985986 0.0013945149080284215 5 | 0.985985985985986 0.0013834473293932753 6
407 0.985985985985986 0.0013530687550295393 4 | 0.985985985985986 0.0013420283028126164 4
408 0.985985985985986 0.0013387470600184537 4 | 0.985985985985986 0.001325286166361961 5
409 0.985985985985986 0.0012915354378769013 3 | 0.985985985985986 0.0012781073756683514 3
410 0.9844844844844844 0.001416258107255674 3 | 0.9844844844844844 0.0014016449539563894 3
411 0.984984984984985 0.0013241396736542368 4 | 0.984984984984985 0.0013095619891736396 4
412 0.984984984984985 0.0014287895643827846 3 | 0.984984984984985 0.0014130353113403962 3
413 0.984984984984985 0.0012585048816932875 3 | 0.984984984984985 0.0012379529287741848 4
414 0.9844844844844844 0.0012397940108783481 2 | 0.9844844844844844 0.0012241156819470073 2
415 0.984984984984985 0.0011874855624855625 2 | 0.984984984984985 0.0011718449218449218 2
416 0.983983983983984 0.0014126836668803095 1 | 0.983983983983984 0.0014006812567963647 2
417 0.983983983983984 0.0012775933828565408 1 | 0.983983983983984 0.0012584354689617848 1
418 0.983983983983984 0.0015552545385480946 2 | 0.983983983983984 0.0015397258834013011 2
419 0.986986986986987 0.0014395347728681062 2 | 0.986986986986987 0.0014216597549930883 2
420 0.986986986986987 0.0012922661378718385 3 | 0.986986986986987 0.0012768112530582838 3
421 0.986986986986987 0.0009879547794239738 3 | 0.986986986986987 0.0009725365175602143 3
422 0.9864864864864865 0.0013701644907318667 2 | 0.9864864864864865 0.0013547826786597472 2
423 0.9864864864864865 0.0010730069692333844 1 | 0.9864864864864865 0.0010576614350199256 1
424 0.9864864864864865 0.0014496849790967437 1 | 0.9864864864864865 0.0014343755520226109 1
425 0.985985985985986 0.0011784084554037606 1 | 0.985985985985986 0.0011631349659518675 1
426 0.988988988988989 0.001054919087705973 1 | 0.988988988988989 0.0010431977645092398 1
427 0.988988988988989 0.000915635261429654 1 | 0.988988988988989 0.0009039413245020721 1
428 0.987987987987988 0.001243667910334577 1 | 0.987987987987988 0.001232001232001232 1
429 0.987987987987988 0.0011732662895453593 1 | 0.987987987987988 0.0011592988337174384 1
430 0.987987987987988 0.0011194489152725811 1 | 0.987987987987988 0.0011089976287192065 2
431 0.9824824824824825 0.001378693508323138 1 | 0.9824824824824825 0.0013694249805360917 3
432 0.9824824824824825 0.0011766963268118004 1 | 0.9824824824824825 0.0011662933140993187 2
433 0.9819819819819819 0.0012293399390173583 1 | 0.9819819819819819 0.0012201141233399299 1
434 0.9819819819819819 0.0010976493735114425 1 | 0.9819819819819819 0.001088444766605686 1
435 0.9824824824824825 0.0011938544048635791 2 | 0.9824824824824825 0.0011812270986582914 2
436 0.982982982982983 0.0011361475892368341 1 | 0.982982982982983 0.0011281304187482678 1
437 0.983983983983984 0.0013872319808392868 2 | 0.983983983983984 0.0013792331143929317 3
438 0.983983983983984 0.0011891162232847883 1 | 0.983983983983984 0.0011811355774909306 1
439 0.982982982982983 0.0015253890253890253 2 | 0.982982982982983 0.0015174265174265173 4
440 0.982982982982983 0.0013074298788584504 3 | 0.982982982982983 0.001298350504699711 4
441 0.9824824824824825 0.0013123983712219007 1 | 0.9824824824824825 0.0013056042467807173 2
442 0.9794794794794794 0.001698086348199215 1 | 0.9794794794794794 0.0016935671563211067 2
443 0.9794794794794794 0.0015387008630251874 1 | 0.9794794794794794 0.0015330645961276592 2
444 0.97997997997998 0.0014126486036598396 2 | 0.97997997997998 0.001404775562078933 2
445 0.97997997997998 0.001464468953258191 1 | 0.97997997997998 0.0014577357626684982 2
446 0.97997997997998 0.0013313089375729197 1 | 0.97997997997998 0.0013234711221288404 1
447 0.982982982982983 0.0013115794365794367 1 | 0.982982982982983 0.0013082278707278708 1
448 0.982982982982983 0.0015460895193634614 1 | 0.982982982982983 0.0015427454180238144 1
449 0.9834834834834835 0.0013813813813813814 1 | 0.9834834834834835 0.0013780447113780447 1
450 0.982982982982983 0.0012728915167939559 1 | 0.982982982982983 0.0012728915167939559 1
451 0.9824824824824825 0.0013675179604383143 1 | 0.9824824824824825 0.0013664106584460568 1
452 0.984984984984985 0.0013070465609096955 1 | 0.984984984984985 0.0013059417032926966 1
453 0.982982982982983 0.001335035476004639 1 | 0.982982982982983 0.001333933051994726 1
454 0.9819819819819819 0.0012386012386012386 0 | 0.9819819819819819 0.0012386012386012386 0
455 0.9819819819819819 0.0011897862775055758 0 | 0.9819819819819819 0.0011886886886886888 0
456 0.9819819819819819 0.0010415229233609977 1 | 0.9819819819819819 0.0010415229233609977 1
457 0.9824824824824825 0.0013681804074817175 2 | 0.9824824824824825 0.0013659948157764752 2
458 0.9824824824824825 0.0012256264979576526 2 | 0.9824824824824825 0.0012234456678901122 2
459 0.982982982982983 0.0012512512512512512 3 | 0.982982982982983 0.0012458110284197241 3
460 0.982982982982983 0.0010053437385324586 2 | 0.982982982982983 0.0009999153166181365 2
461 0.9834834834834835 0.0010800844134177467 2 | 0.9834834834834835 0.001074667741334408 2
462 0.9834834834834835 0.0011145054341598617 3 | 0.9834834834834835 0.001109100461152297 3
463 0.9834834834834835 0.0009643263953608781 2 | 0.9834834834834835 0.0009589330710020365 2
464 0.978978978978979 0.0014272336852982014 2 | 0.978978978978979 0.0014218519594863682 2
465 0.9794794794794794 0.001226548436848866 2 | 0.9794794794794794 0.0012211782598048693 2
466 0.9794794794794794 0.0013996866245260249 3 | 0.9794794794794794 0.0013943279467904736 3
467 0.97997997997998 0.0013229041006818784 2 | 0.97997997997998 0.0013175568731124286 2
468 0.978978978978979 0.0015399194503672115 3 | 0.978978978978979 0.0015367179546284023 3
469 0.978978978978979 0.001336442825804528 3 | 0.978978978978979 0.00133324814175878 3
470 0.978978978978979 0.0013251042975034482 4 | 0.978978978978979 0.001321916396226375 4
471 0.9794794794794794 0.0014007651719516127 4 | 0.9794794794794794 0.001396523642286354 4
472 0.978978978978979 0.0016845598240947078 3 | 0.978978978978979 0.0016813854023156349 3
473 0.9774774774774775 0.0015226196660795817 2 | 0.9774774774774775 0.0015205078496217737 2
474 0.978978978978979 0.0014614614614614615 2 | 0.978978978978979 0.0014593540909330384 2
475 0.9794794794794794 0.001353244000302824 3 | 0.9794794794794794 0.001349038113743996 3
476 0.978978978978979 0.001570753143080187 3 | 0.978978978978979 0.0015665560738936002 3
477 0.97997997997998 0.0013423465306310494 2 | 0.97997997997998 0.0013381582419239324 2
478 0.97997997997998 0.0016321122792939077 2 | 0.97997997997998 0.00162897762062689 2
479 0.980980980980981 0.0018070153486820153 4 | 0.980980980980981 0.0017965882549215882 4
480 0.980980980980981 0.0016284475743935203 3 | 0.980980980980981 0.0016201232417448633 3
481 0.9844844844844844 0.0013021320075261983 5 | 0.9844844844844844 0.0012782492035604068 5
482 0.9844844844844844 0.0013595375914216494 4 | 0.9844844844844844 0.0013357042342549588 3
483 0.984984984984985 0.0012491830673648857 4 | 0.984984984984985 0.00122539895267168 3
484 0.9844844844844844 0.0012476393919692889 4 | 0.9844844844844844 0.0012239043166878219 3
485 0.9844844844844844 0.0012893551988202195 4 | 0.9844844844844844 0.001267728633983778 3
486 0.9814814814814815 0.0013750917241676995 2 | 0.9814814814814815 0.0013607036194305188 1
487 0.988988988988989 0.0013261212031703835 3 | 0.988988988988989 0.0013127881980340996 2
488 0.988988988988989 0.0012220809766822036 3 | 0.988988988988989 0.0012057046821872999 2
489 0.9894894894894894 0.001106208249065392 2 | 0.9894894894894894 0.001087822516393945 1
490 0.9894894894894894 0.0011426905520591875 2 | 0.9894894894894894 0.0011243422648717963 1
491 0.988988988988989 0.0013021151232533346 2 | 0.988988988988989 0.001276683187252293 1
492 0.988988988988989 0.001376630179875616 3 | 0.988988988988989 0.0013512498299516555 2
493 0.988988988988989 0.001369790843475054 4 | 0.988988988988989 0.001345475029685556 3
494 0.9894894894894894 0.0013660124771235883 3 | 0.9894894894894894 0.001338712449823561 2
495 0.985985985985986 0.0013279408440698764 4 | 0.985985985985986 0.001304732151506345 3
496 0.986986986986987 0.0017693750088116286 8 | 0.986986986986987 0.001744198927297519 7
497 0.9874874874874875 0.001591953399182315 8 | 0.9874874874874875 0.0015698429353047827 7
498 0.9874874874874875 0.0016399164695757881 8 | 0.9874874874874875 0.0016228653503202602 7
499 0.986986986986987 0.0018578578578578578 8 | 0.986986986986987 0.0018428428428428427 7
500 0.986986986986987 0.0018291744838651025 8 | 0.986986986986987 0.0018151884419349488 7
501 0.986986986986987 0.0016261281201520245 8 | 0.986986986986987 0.001612169938863166 7
502 0.9819819819819819 0.002349267756822429 10 | 0.9819819819819819 0.002336332356213072 9
503 0.982982982982983 0.001973203362092251 10 | 0.982982982982983 0.00196327279660613 10
504 0.9834834834834835 0.0017205324136017205 9 | 0.9834834834834835 0.0017066571522017066 8
505 0.9844844844844844 0.0018120887686105078 9 | 0.9844844844844844 0.0017982409286757112 8
506 0.984984984984985 0.0016861042502068144 9 | 0.984984984984985 0.0016772196259375748 8
507 0.9844844844844844 0.0014148006273990525 5 | 0.984984984984985 0.0014039630181362465 4
508 0.9834834834834835 0.0014670859464572627 5 | 0.983983983983984 0.0014572529307303374 4
509 0.9784784784784785 0.0016016016016016017 7 | 0.978978978978979 0.001590806492767277 6
510 0.978978978978979 0.0015338234516316708 7 | 0.97997997997998 0.0015132549379124722 6
511 0.9784784784784785 0.0014360063188188189 7 | 0.9794794794794794 0.001415477977977978 7
512 0.9784784784784785 0.0015385756126496868 6 | 0.9794794794794794 0.0015171116535638953 6
513 0.9784784784784785 0.0015365560112641824 6 | 0.978978978978979 0.001521949965529732 6
514 0.9784784784784785 0.0017415473726153337 7 | 0.978978978978979 0.0017240541512386172 7
515 0.9794794794794794 0.0017110133389203156 7 | 0.97997997997998 0.0016925840569251421 7
516 0.9854854854854855 0.0015169908786930063 7 | 0.985985985985986 0.0014985972432780942 7
517 0.985985985985986 0.001630974603947577 8 | 0.9864864864864865 0.0016145489118462092 8
518 0.9854854854854855 0.001504394567978383 6 | 0.985985985985986 0.0014889648801016816 6
519 0.9854854854854855 0.001461076461076461 6 | 0.985985985985986 0.0014504889504889506 6
520 0.985985985985986 0.0014563507845657558 5 | 0.9864864864864865 0.0014448229419438633 5
521 0.9864864864864865 0.0014545196537533703 5 | 0.986986986986987 0.0014410962686824756 4
522 0.9834834834834835 0.0014144163283742633 4 | 0.983983983983984 0.0014010186094316113 3
523 0.9844844844844844 0.0013973897561683822 4 | 0.984984984984985 0.001383062451764742 3
524 0.9844844844844844 0.0015358215358215357 4 | 0.984984984984985 0.001522474855808189 3
525 0.9844844844844844 0.0014900832391326689 5 | 0.984984984984985 0.0014767619330356974 4
526 0.9844844844844844 0.001435971075439766 5 | 0.984984984984985 0.0014255241959226779 4
527 0.987987987987988 0.0015043452543452543 5 | 0.987987987987988 0.0014958139958139959 5
528 0.986986986986987 0.0016661273750120632 7 | 0.986986986986987 0.00165098936365477 7
529 0.986986986986987 0.0016082119855704762 7 | 0.986986986986987 0.0015864921525298884 7
530 0.9864864864864865 0.001690013931068545 8 | 0.9864864864864865 0.001668335001668335 8
531 0.9864864864864865 0.0017724491408701935 6 | 0.9864864864864865 0.0017555149134096503 5
532 0.9864864864864865 0.0016686480101114247 5 | 0.9864864864864865 0.0016508065288553093 4
533 0.985985985985986 0.0016533387319904174 5 | 0.985985985985986 0.0016355306617478903 4
534 0.9864864864864865 0.0016960886119764625 6 | 0.9864864864864865 0.0016783138278465381 5
535 0.9864864864864865 0.0017330763599420315 6 | 0.9864864864864865 0.0017144009681323113 5
536 0.9864864864864865 0.0016235975267632624 6 | 0.986986986986987 0.001604956912219482 5
537 0.9864864864864865 0.0014456836018174309 5 | 0.986986986986987 0.001421495845287667 4
538 0.9864864864864865 0.001486644343787201 5 | 0.986986986986987 0.001460644317787175 4
539 0.9864864864864865 0.0018231194157120082 5 | 0.986986986986987 0.0017971675379082786 4
540 0.986986986986987 0.0018937606737976424 4 | 0.986986986986987 0.0018706321848650869 4
541 0.990990990990991 0.0015726058161482516 4 | 0.990990990990991 0.0015485965670467515 4
542 0.990990990990991 0.0015144057501331903 4 | 0.990990990990991 0.0014885972528698127 4
543 0.991991991991992 0.0015843048931284225 0 | 0.991991991991992 0.001568664252487782 0
544 0.991991991991992 0.0014160949940766456 0 | 0.991991991991992 0.0013986463527747932 0
545 0.9924924924924925 0.001367668034334701 0 | 0.9924924924924925 0.0013511680178346845 0
546 0.9924924924924925 0.0012581136895579309 0 | 0.9924924924924925 0.0012434738211703476 0
547 0.9914914914914915 0.001296917355311516 0 | 0.9914914914914915 0.0012823042020122311 0
548 0.993993993993994 0.0012188873755358274 0 | 0.993993993993994 0.001203389181531258 0
549 0.9934934934934935 0.0012503412503412504 2 | 0.9934934934934935 0.0012312312312312312 2
550 0.9934934934934935 0.0012607889195910974 1 | 0.9934934934934935 0.0012380801854486065 1
551 0.9934934934934935 0.001313813813813814 1 | 0.9934934934934935 0.001292052922487705 1
552 0.9934934934934935 0.0012336024994252842 1 | 0.9934934934934935 0.0012109758945201984 1
553 0.988988988988989 0.0012693198613776232 1 | 0.988988988988989 0.0012467340987196583 1
554 0.9864864864864865 0.001436571706841977 1 | 0.9864864864864865 0.0014158302446590735 1
555 0.9884884884884885 0.0014303872217541283 1 | 0.9884884884884885 0.0014069825220904358 1
556 0.983983983983984 0.0015015015015015015 1 | 0.983983983983984 0.0014826316442115364 1
557 0.983983983983984 0.0014566537864028903 1 | 0.983983983983984 0.0014378177460614738 1
558 0.983983983983984 0.0015041875506991787 1 | 0.983983983983984 0.0014809084576526436 1
559 0.983983983983984 0.0014425139425139424 1 | 0.983983983983984 0.0014183826683826684 1
560 0.983983983983984 0.0016790408947271692 3 | 0.983983983983984 0.0016629820551389179 3
561 0.9824824824824825 0.0019200695357278986 3 | 0.9824824824824825 0.0018978052785881968 3
562 0.9819819819819819 0.0016428506659412522 2 | 0.9819819819819819 0.001623292919918142 2
563 0.9819819819819819 0.0015432098765432098 2 | 0.9819819819819819 0.0015236868073747506 2
564 0.9819819819819819 0.0016786698202627406 3 | 0.9819819819819819 0.0016591813051990043 3
565 0.982982982982983 0.0018605177615778322 3 | 0.982982982982983 0.00184194795502216 3
566 0.982982982982983 0.0017363042054400078 2 | 0.982982982982983 0.001716001716001716 2
567 0.9824824824824825 0.0016935950034541584 1 | 0.9824824824824825 0.001678615234953263 1
568 0.9824824824824825 0.001673905891832078 2 | 0.9824824824824825 0.0016580728355772292 2
569 0.9824824824824825 0.0018632667755474773 1 | 0.9824824824824825 0.001846583425530794 1
570 0.9819819819819819 0.0017504369518380027 2 | 0.9819819819819819 0.0017337828195971804 2
571 0.9819819819819819 0.0018191268191268192 2 | 0.9819819819819819 0.0018007518007518008 2
572 0.9824824824824825 0.0017976091274520595 1 | 0.9824824824824825 0.0017792661771719362 1
573 0.9824824824824825 0.001685483392800466 1 | 0.9824824824824825 0.001667172398879716 1
574 0.982982982982983 0.0017164991078034556 2 | 0.982982982982983 0.0016982199590895243 2
575 0.982982982982983 0.0017404557335112892 1 | 0.982982982982983 0.0017222083194305417 1
576 0.982982982982983 0.001815507014813774 1 | 0.982982982982983 0.0017981586439125433 1
577 0.982982982982983 0.0017976453962613133 1 | 0.982982982982983 0.0017785952042007405 1
578 0.982982982982983 0.002042629849192889 1 | 0.982982982982983 0.002023612559018431 1
579 0.982982982982983 0.001769010389700045 1 | 0.982982982982983 0.0017508888198543371 1
580 0.982982982982983 0.0017676885146764665 1 | 0.982982982982983 0.0017487366884957247 1
581 0.982982982982983 0.0018317286358523473 1 | 0.982982982982983 0.00181280937294683 1
582 0.9824824824824825 0.001781369705898008 1 | 0.9824824824824825 0.0017633413859828955 1
583 0.9824824824824825 0.0017483236661318853 1 | 0.9824824824824825 0.0017346113236524196 1
584 0.9824824824824825 0.001615290504179393 1 | 0.9824824824824825 0.0016016016016016017 1
585 0.9824824824824825 0.001872179346582077 1 | 0.9824824824824825 0.0018585138039062953 1
586 0.982982982982983 0.0017624097692240793 1 | 0.982982982982983 0.0017462095826661413 1
587 0.9824824824824825 0.0017279183945850612 1 | 0.9824824824824825 0.0017100433767100434 1
588 0.9824824824824825 0.001843949212370265 1 | 0.9824824824824825 0.0018261045425731334 1
589 0.9824824824824825 0.0016923703364381331 1 | 0.9824824824824825 0.0016745559118440474 1
590 0.9819819819819819 0.0017648782454197005 3 | 0.9819819819819819 0.001743706481439138 3
591 0.9819819819819819 0.0017821875929984038 3 | 0.9819819819819819 0.0017610515921326732 3
592 0.9819819819819819 0.0017285413575464166 3 | 0.9819819819819819 0.0017116610708516273 3
593 0.9819819819819819 0.0017778721482425185 3 | 0.9819819819819819 0.001757649905798054 3
594 0.97997997997998 0.001779090014384132 3 | 0.97997997997998 0.001758901758901759 3
595 0.9804804804804805 0.0018332090479741487 3 | 0.9804804804804805 0.0018130546654036587 3
596 0.9754754754754755 0.0017513325721030914 3 | 0.9754754754754755 0.0017320503082647136 3
597 0.974974974974975 0.0017885778755343973 3 | 0.974974974974975 0.0017651430694908955 3
598 0.973973973973974 0.001861627905033581 3 | 0.973973973973974 0.0018415744626095211 4
599 0.973973973973974 0.0018777110443777111 3 | 0.973973973973974 0.0018610276943610278 4
access %, disaccess %, accessG %, disaccessG %
0.0013353875114216424 ,  0.039628464942930354 , 0.0013326841650158384 , 0.039669324920398444