make network|V|=2000, |E|=4000
: 215.08563423156738[s]
simulation start
Accessible, ave_query
t  %/100
0 0.8635 5.303303303303303
1 0.8915 0.8375875875875876
2 0.8925 0.4968301634968302
3 0.891 0.4590840840840841
4 0.888 0.35075075075075074
5 0.8985 0.28678678678678676
6 0.898 0.29415129415129415
7 0.9025 0.21164914914914915
8 0.898 0.21354688021354687
9 0.903 0.19014014014014013
10 0.905 0.16657566657566658
11 0.91 0.14556222889556222
12 0.912 0.13097713097713098
13 0.922 0.11843986843986844
14 0.9355 0.09282615949282616
15 0.9385 0.07929804804804805
16 0.926 0.09544838956603663
17 0.926 0.08472361250139028
18 0.926 0.0973341762815447
19 0.9335 0.07932932932932933
20 0.937 0.07755374422041089
21 0.938 0.06554281554281555
22 0.9375 0.062062062062062065
23 0.9385 0.06070653987320654
24 0.938 0.06410410410410411
25 0.9355 0.061850311850311854
26 0.9385 0.054980906832758684
27 0.9395 0.056216931216931214
28 0.94 0.05652203928065997
29 0.941 0.052769436102769435
access %, disaccess %
0.008186752346203417 ,  0.06027285685196498
後半開始
30 0.947 0.047111627756789044
31 0.948 0.04323073073073073
32 0.951 0.040737707404374074
33 0.9515 0.04004004004004004
34 0.9415 0.0411983411983412
35 0.9485 0.03677288399510622
36 0.9515 0.03373643914184455
37 0.9505 0.03409988936304726
38 0.951 0.03181386514719848
39 0.953 0.02897897897897898
40 0.9565 0.02785712541810103
41 0.9545 0.026097526097526098
42 0.96 0.027096864306166632
43 0.962 0.02616252616252616
44 0.9615 0.023923923923923923
45 0.9665 0.022196109152630893
46 0.971 0.01923199795540221
47 0.9715 0.017715632298965632
48 0.9705 0.017313231598945884
49 0.9675 0.025695695695695697
50 0.9655 0.02100139355041316
51 0.9625 0.02306152306152306
52 0.9655 0.024562298147203808
53 0.9675 0.020928335743150558
54 0.971 0.019464919464919465
55 0.9715 0.020037895037895038
56 0.972 0.021381030152959977
57 0.9785 0.018630699665182424
58 0.977 0.0165589318131691
59 0.978 0.0169336002669336
access %, disaccess %
0.006091667627264425 ,  0.06340855600166136

make network|V|=2000, |E|=4000
: 208.86421298980713[s]
simulation start
Accessible, ave_query
t    not_group     group  
0 0.8735 5.1785
1 0.902 0.7875
2 0.9125 0.5018333333333334
3 0.913 0.32025
4 0.913 0.2593
5 0.914 0.27891666666666665
6 0.922 0.1895
7 0.9265 0.1745
8 0.928 0.15622222222222223
9 0.924 0.1441
10 0.926 0.12004545454545454
11 0.931 0.11291666666666667
12 0.9365 0.09230769230769231
13 0.9375 0.08157142857142857
14 0.934 0.0796
15 0.936 0.08353125
16 0.93 0.08197058823529411
17 0.933 0.07311111111111111
18 0.939 0.06342105263157895
19 0.9395 0.0614
20 0.942 0.06166666666666667
21 0.943 0.049977272727272724
22 0.9405 0.051782608695652176
23 0.9385 0.04835416666666666
24 0.941 0.0509
25 0.943 0.04617307692307692
26 0.9445 0.05237037037037037
27 0.946 0.04260714285714286
28 0.9505 0.03998275862068965
29 0.952 0.0366
access %, disaccess %
0.006574233304671826 ,  0.05028735632183908
後半開始
30 0.956 0.0385 0.956 0.03845161290322581
31 0.9615 0.029078125 0.9615 0.02903125
32 0.9605 0.028439393939393938 0.9605 0.028363636363636365
33 0.9595 0.028514705882352942 0.96 0.028352941176470588
34 0.9625 0.028214285714285713 0.963 0.028085714285714287
35 0.963 0.023333333333333334 0.9635 0.023083333333333334
36 0.9655 0.022972972972972974 0.966 0.02281081081081081
37 0.9665 0.025105263157894738 0.967 0.024921052631578948
38 0.9665 0.023717948717948717 0.967 0.023525641025641024
39 0.9695 0.0208625 0.9695 0.02075
40 0.9695 0.020390243902439025 0.9695 0.02028048780487805
41 0.9705 0.019452380952380954 0.9705 0.019345238095238096
42 0.972 0.0215 0.972 0.02147674418604651
43 0.9725 0.01765909090909091 0.9725 0.017636363636363638
44 0.973 0.01781111111111111 0.973 0.01778888888888889
45 0.9745 0.017804347826086957 0.9745 0.017782608695652173
46 0.9755 0.017127659574468084 0.9755 0.017117021276595746
47 0.975 0.015135416666666667 0.975 0.015114583333333334
48 0.976 0.014306122448979592 0.976 0.014224489795918368
49 0.979 0.01194 0.979 0.01185
50 0.9805 0.011401960784313726 0.9805 0.011313725490196078
51 0.98 0.012519230769230769 0.98 0.012432692307692308
52 0.9815 0.012094339622641509 0.9815 0.012028301886792454
53 0.9825 0.012925925925925926 0.9825 0.01287962962962963
54 0.9835 0.016027272727272727 0.9835 0.015872727272727274
55 0.985 0.011767857142857142 0.985 0.011589285714285713
56 0.9855 0.011333333333333334 0.9855 0.011114035087719298
57 0.984 0.015836206896551724 0.984 0.015629310344827587
58 0.9855 0.015889830508474576 0.9855 0.015694915254237288
59 0.987 0.01475 0.987 0.014516666666666667
access %, disaccess %, accessG %, disaccessG %
0.004613458693349441 ,  0.052002080083203325 , 0.00461321638348346 , 0.052056220718375845