#グループを作った際にそれまでの探索で見つけた候補ルートを一度削除してみた
|M| = 0
make network |V|=2000 |E|=4000
                not_group                          group  
t, Accessible, ave_query, ave_time, TABLE_REQ, ave_member_used ave_member_used_M=0
00 0.8394197099 5.3521760880 0.1277397838 0.00000000 0.00000000 0.00000000
01 0.8869434717 2.2551275638 0.0298078303 0.00000000 0.00000000 0.00000000
02 0.8949474737 1.8369184592 0.0200698796 0.00000000 0.00000000 0.00000000
03 0.9069534767 1.7413706853 0.0183151034 0.00000000 0.00000000 0.00000000
04 0.9029514757 1.6488244122 0.0141272254 0.00000000 0.00000000 0.00000000
05 0.9074537269 1.6008004002 0.0142472715 0.00000000 0.00000000 0.00000000
06 0.9114557279 1.5872936468 0.0131528961 0.00000000 0.00000000 0.00000000
07 0.9094547274 1.6368184092 0.0132980179 0.00000000 0.00000000 0.00000000
08 0.9219609805 1.5747873937 0.0167318172 0.00000000 0.00000000 0.00000000
09 0.9249624812 1.4807403702 0.0139875982 0.00000000 0.00000000 0.00000000
10 0.9229614807 1.4837418709 0.0139306159 0.00000000 0.00000000 0.00000000
11 0.9244622311 1.4872436218 0.0128988638 0.00000000 0.00000000 0.00000000
12 0.9289644822 1.4887443722 0.0159028158 0.00000000 0.00000000 0.00000000
13 0.9319659830 1.3071535768 0.0104260862 0.00000000 0.00000000 0.00000000
14 0.9309654827 1.4492246123 0.0140414157 0.00000000 0.00000000 0.00000000
15 0.9319659830 1.4712356178 0.0171745708 0.00000000 0.00000000 0.00000000
16 0.9314657329 1.2921460730 0.0110685120 0.00000000 0.00000000 0.00000000
17 0.9204602301 1.8494247124 0.0261766453 0.00000000 0.00000000 0.00000000
18 0.9299649825 1.4792396198 0.0210515528 0.00000000 0.00000000 0.00000000
19 0.9334667334 1.4242121061 0.0210467098 0.00000000 0.00000000 0.00000000
20 0.9324662331 1.4172086043 0.0176647967 0.00000000 0.00000000 0.00000000
21 0.9364682341 1.6713356678 0.0280285192 0.00000000 0.00000000 0.00000000
22 0.9414707354 1.4572286143 0.0256199095 0.00000000 0.00000000 0.00000000
23 0.9434717359 1.3721860930 0.0240838952 0.00000000 0.00000000 0.00000000
24 0.9454727364 1.3911955978 0.0213619237 0.00000000 0.00000000 0.00000000
25 0.9429714857 1.4402201101 0.0215155726 0.00000000 0.00000000 0.00000000
26 0.9394697349 1.5852926463 0.0228319070 0.00000000 0.00000000 0.00000000
27 0.9424712356 1.4687343672 0.0205315549 0.00000000 0.00000000 0.00000000
28 0.9424712356 1.3916958479 0.0182197365 0.00000000 0.00000000 0.00000000
29 0.9439719860 1.4432216108 0.0222754653 0.00000000 0.00000000 0.00000000
30 0.8034017009 6.0265132566 0.1171377119 0.00000000 0.00000000 0.00000000
31 0.8294147074 2.5682841421 0.0275926999 0.00000000 0.00000000 0.00000000
32 0.8359179590 2.3046523262 0.0227322999 0.00000000 0.00000000 0.00000000
33 0.8389194597 2.1840920460 0.0191005617 0.00000000 0.00000000 0.00000000
34 0.8694347174 2.0475237619 0.0230984670 0.00000000 0.00000000 0.00000000
35 0.8799399700 1.8629314657 0.0177918747 0.00000000 0.00000000 0.00000000
36 0.8814407204 1.7993996998 0.0156526146 0.00000000 0.00000000 0.00000000
37 0.8984492246 1.7783891946 0.0196386239 0.00000000 0.00000000 0.00000000
38 0.9004502251 1.5857928964 0.0154157050 0.00000000 0.00000000 0.00000000
39 0.9014507254 1.6743371686 0.0172412731 0.00000000 0.00000000 0.00000000
40 0.9009504752 1.7843921961 0.0224719578 0.00000000 0.00000000 0.00000000
41 0.9024512256 1.6838419210 0.0167552982 0.00000000 0.00000000 0.00000000
42 0.9084542271 1.6373186593 0.0166041299 0.00000000 0.00000000 0.00000000
43 0.9264632316 1.5982991496 0.0260722123 0.00000000 0.00000000 0.00000000
44 0.9269634817 1.6653326663 0.0282342362 0.00000000 0.00000000 0.00000000
45 0.9214607304 1.5847923962 0.0211192166 0.00000000 0.00000000 0.00000000
46 0.9244622311 1.5127563782 0.0178662376 0.00000000 0.00000000 0.00000000
47 0.9249624812 1.7328664332 0.0229459078 0.00000000 0.00000000 0.00000000
48 0.9379689845 1.4177088544 0.0171716596 0.00000000 0.00000000 0.00000000
49 0.9354677339 1.7208604302 0.0273119608 0.00000000 0.00000000 0.00000000
50 0.9404702351 1.4182091046 0.0178652109 0.00000000 0.00000000 0.00000000
51 0.9439719860 1.4297148574 0.0213958312 0.00000000 0.00000000 0.00000000
52 0.9494747374 1.2516258129 0.0176053657 0.00000000 0.00000000 0.00000000
53 0.9499749875 1.2541270635 0.0201673953 0.00000000 0.00000000 0.00000000
54 0.9579789895 1.2526263132 0.0248987974 0.00000000 0.00000000 0.00000000
55 0.9554777389 1.2076038019 0.0214873426 0.00000000 0.00000000 0.00000000
56 0.9549774887 1.0835417709 0.0172037397 0.00000000 0.00000000 0.00000000
57 0.9539769885 1.0380190095 0.0149310697 0.00000000 0.00000000 0.00000000
58 0.9564782391 0.9549774887 0.0133953798 0.00000000 0.00000000 0.00000000
59 0.9574787394 0.9449724862 0.0132226419 0.00000000 0.00000000 0.00000000
access %, disaccess %
0.009283313652466164, 0.07979695431472081
|M| = 5
make network |V|=2000 |E|=4000
                not_group                          group  
t, Accessible, ave_query, ave_time, TABLE_REQ, ave_member_used ave_member_used_M=0
00 0.8394197099 5.3521760880 0.1379769500 0.00000000 0.00000000 0.00000000
01 0.8869434717 2.2551275638 0.0319022710 0.00000000 0.00000000 0.00000000
02 0.8949474737 1.8369184592 0.0214677158 0.00000000 0.00000000 0.00000000
03 0.9069534767 1.7413706853 0.0194211843 0.00000000 0.00000000 0.00000000
04 0.9029514757 1.6488244122 0.0148893113 0.00000000 0.00000000 0.00000000
05 0.9074537269 1.6008004002 0.0149797600 0.00000000 0.00000000 0.00000000
06 0.9114557279 1.5872936468 0.0138952776 0.00000000 0.00000000 0.00000000
07 0.9094547274 1.6368184092 0.0140778851 0.00000000 0.00000000 0.00000000
08 0.9219609805 1.5747873937 0.0175746594 0.00000000 0.00000000 0.00000000
09 0.9249624812 1.4807403702 0.0146599314 0.00000000 0.00000000 0.00000000
10 0.9229614807 1.4837418709 0.0146170382 0.00000000 0.00000000 0.00000000
11 0.9244622311 1.4872436218 0.0135469054 0.00000000 0.00000000 0.00000000
12 0.9289644822 1.4887443722 0.0167945682 0.00000000 0.00000000 0.00000000
13 0.9319659830 1.3071535768 0.0110102638 0.00000000 0.00000000 0.00000000
14 0.9309654827 1.4492246123 0.0149549466 0.00000000 0.00000000 0.00000000
15 0.9319659830 1.4712356178 0.0180606495 0.00000000 0.00000000 0.00000000
16 0.9314657329 1.2921460730 0.0116014021 0.00000000 0.00000000 0.00000000
17 0.9204602301 1.8494247124 0.0272447252 0.00000000 0.00000000 0.00000000
18 0.9299649825 1.4792396198 0.0214850613 0.00000000 0.00000000 0.00000000
19 0.9334667334 1.4242121061 0.0211410641 0.00000000 0.00000000 0.00000000
20 0.9324662331 1.4172086043 0.0179383771 0.00000000 0.00000000 0.00000000
21 0.9364682341 1.6713356678 0.0282285549 0.00000000 0.00000000 0.00000000
22 0.9414707354 1.4572286143 0.0256961950 0.00000000 0.00000000 0.00000000
23 0.9434717359 1.3721860930 0.0242119404 0.00000000 0.00000000 0.00000000
24 0.9454727364 1.3911955978 0.0213623111 0.00000000 0.00000000 0.00000000
25 0.9429714857 1.4402201101 0.0214559166 0.00000000 0.00000000 0.00000000
26 0.9394697349 1.5852926463 0.0228852183 0.00000000 0.00000000 0.00000000
27 0.9424712356 1.4687343672 0.0205348473 0.00000000 0.00000000 0.00000000
28 0.9424712356 1.3916958479 0.0183424826 0.00000000 0.00000000 0.00000000
29 0.9439719860 1.4432216108 0.0222810187 0.00000000 0.00000000 0.00000000
30 0.8034017009 6.0255127564 0.1174556606 8.40000000 88.20000000 79.40000000
31 0.8294147074 2.5657828914 0.0275933259 3.20000000 95.80000000 85.20000000
32 0.8359179590 2.2851425713 0.0214467092 3.60000000 92.20000000 80.80000000
33 0.8389194597 2.1795897949 0.0186735441 2.80000000 98.80000000 86.60000000
34 0.8694347174 2.0385192596 0.0227715154 2.20000000 100.60000000 89.20000000
35 0.8799399700 1.8594297149 0.0171717388 1.60000000 104.20000000 93.20000000
36 0.8814407204 1.7993996998 0.0157799512 1.40000000 104.20000000 93.20000000
37 0.8984492246 1.7758879440 0.0199435822 1.60000000 112.40000000 99.60000000
38 0.9004502251 1.5857928964 0.0157295187 1.00000000 112.40000000 99.60000000
39 0.9014507254 1.6723361681 0.0175163899 1.00000000 112.00000000 99.20000000
40 0.9009504752 1.7843921961 0.0227100026 1.60000000 109.20000000 93.60000000
41 0.9024512256 1.6743371686 0.0165054576 1.80000000 112.20000000 93.60000000
42 0.9084542271 1.6323161581 0.0162128115 1.40000000 114.40000000 96.40000000
43 0.9264632316 1.5962981491 0.0260969736 2.00000000 116.40000000 99.40000000
44 0.9269634817 1.6618309155 0.0281869777 1.80000000 119.40000000 99.40000000
45 0.9214607304 1.5817908954 0.0210451083 2.20000000 119.60000000 101.00000000
46 0.9244622311 1.5117558779 0.0177781210 1.80000000 121.60000000 103.00000000
47 0.9249624812 1.7278639320 0.0226313482 2.20000000 124.20000000 103.00000000
48 0.9379689845 1.4167083542 0.0170780617 1.60000000 126.40000000 104.80000000
49 0.9359679840 1.7153576788 0.0273571971 2.40000000 141.80000000 116.20000000
50 0.9409704852 1.4127063532 0.0178304500 1.80000000 149.00000000 122.60000000
51 0.9444722361 1.4152076038 0.0209487126 1.60000000 155.80000000 129.00000000
52 0.9499749875 1.2421210605 0.0173110160 1.80000000 165.20000000 137.20000000
53 0.9504752376 1.2486243122 0.0201115481 1.20000000 162.20000000 134.20000000
54 0.9584792396 1.2471235618 0.0246064008 1.40000000 160.60000000 129.60000000
55 0.9559779890 1.1985992996 0.0211297324 1.80000000 159.80000000 127.80000000
56 0.9554777389 1.0655327664 0.0165442349 1.40000000 159.80000000 129.40000000
57 0.9544772386 1.0325162581 0.0147499637 1.40000000 159.60000000 129.20000000
58 0.9569784892 0.9494747374 0.0131878790 1.40000000 159.60000000 129.20000000
59 0.9579789895 0.9394697349 0.0130922900 1.20000000 159.60000000 129.20000000
access %, disaccess %
0.00928238617269598, 0.0797845309482671
|M| = 10
make network |V|=2000 |E|=4000
                not_group                          group  
t, Accessible, ave_query, ave_time, TABLE_REQ, ave_member_used ave_member_used_M=0
00 0.8394197099 5.3521760880 0.1368086598 0.00000000 0.00000000 0.00000000
01 0.8869434717 2.2551275638 0.0316770306 0.00000000 0.00000000 0.00000000
02 0.8949474737 1.8369184592 0.0213869662 0.00000000 0.00000000 0.00000000
03 0.9069534767 1.7413706853 0.0194036616 0.00000000 0.00000000 0.00000000
04 0.9029514757 1.6488244122 0.0149078772 0.00000000 0.00000000 0.00000000
05 0.9074537269 1.6008004002 0.0149693515 0.00000000 0.00000000 0.00000000
06 0.9114557279 1.5872936468 0.0137935114 0.00000000 0.00000000 0.00000000
07 0.9094547274 1.6368184092 0.0140019255 0.00000000 0.00000000 0.00000000
08 0.9219609805 1.5747873937 0.0176076807 0.00000000 0.00000000 0.00000000
09 0.9249624812 1.4807403702 0.0146190327 0.00000000 0.00000000 0.00000000
10 0.9229614807 1.4837418709 0.0145670747 0.00000000 0.00000000 0.00000000
11 0.9244622311 1.4872436218 0.0134958981 0.00000000 0.00000000 0.00000000
12 0.9289644822 1.4887443722 0.0166322711 0.00000000 0.00000000 0.00000000
13 0.9319659830 1.3071535768 0.0109312749 0.00000000 0.00000000 0.00000000
14 0.9309654827 1.4492246123 0.0148553477 0.00000000 0.00000000 0.00000000
15 0.9319659830 1.4712356178 0.0179618216 0.00000000 0.00000000 0.00000000
16 0.9314657329 1.2921460730 0.0115535679 0.00000000 0.00000000 0.00000000
17 0.9204602301 1.8494247124 0.0270902156 0.00000000 0.00000000 0.00000000
18 0.9299649825 1.4792396198 0.0214244884 0.00000000 0.00000000 0.00000000
19 0.9334667334 1.4242121061 0.0210114854 0.00000000 0.00000000 0.00000000
20 0.9324662331 1.4172086043 0.0178220304 0.00000000 0.00000000 0.00000000
21 0.9364682341 1.6713356678 0.0283232491 0.00000000 0.00000000 0.00000000
22 0.9414707354 1.4572286143 0.0256239448 0.00000000 0.00000000 0.00000000
23 0.9434717359 1.3721860930 0.0241414936 0.00000000 0.00000000 0.00000000
24 0.9454727364 1.3911955978 0.0212967186 0.00000000 0.00000000 0.00000000
25 0.9429714857 1.4402201101 0.0214363281 0.00000000 0.00000000 0.00000000
26 0.9394697349 1.5852926463 0.0227381154 0.00000000 0.00000000 0.00000000
27 0.9424712356 1.4687343672 0.0204969132 0.00000000 0.00000000 0.00000000
28 0.9424712356 1.3916958479 0.0182333150 0.00000000 0.00000000 0.00000000
29 0.9439719860 1.4432216108 0.0221957570 0.00000000 0.00000000 0.00000000
30 0.8039019510 6.0220110055 0.1175520570 6.30000000 59.20000000 50.40000000
31 0.8294147074 2.5602801401 0.0273430846 2.90000000 69.80000000 58.60000000
32 0.8364182091 2.2821410705 0.0216908540 3.40000000 68.90000000 56.60000000
33 0.8394197099 2.1720860430 0.0185812260 2.30000000 71.00000000 58.30000000
34 0.8634317159 2.0930465233 0.0219844387 1.90000000 71.70000000 58.00000000
35 0.8744372186 1.9254627314 0.0173165818 1.90000000 72.60000000 59.50000000
36 0.8759379690 1.8559279640 0.0153500138 1.60000000 70.70000000 57.20000000
37 0.8914457229 1.8319159580 0.0191606637 1.60000000 73.40000000 60.60000000
38 0.8929464732 1.6863431716 0.0162092168 1.50000000 73.10000000 60.90000000
39 0.8944472236 1.7758879440 0.0182726313 1.50000000 75.80000000 60.70000000
40 0.8944472236 1.8844422211 0.0238190152 1.90000000 70.70000000 55.70000000
41 0.8959479740 1.7683841921 0.0170721179 1.90000000 72.90000000 55.70000000
42 0.9019509755 1.7148574287 0.0169445185 1.50000000 74.40000000 57.10000000
43 0.9199599800 1.6593296648 0.0261083382 2.90000000 147.80000000 124.40000000
44 0.9209604802 1.7358679340 0.0286125843 1.60000000 95.50000000 73.20000000
45 0.9189594797 1.6233116558 0.0217052475 1.40000000 80.10000000 62.40000000
46 0.9219609805 1.5407703852 0.0180839146 0.90000000 81.60000000 63.50000000
47 0.9229614807 1.7473736868 0.0230476277 1.30000000 83.90000000 63.80000000
48 0.9359679840 1.4332166083 0.0173435908 0.80000000 85.20000000 64.70000000
49 0.9339669835 1.7258629315 0.0277073797 1.10000000 88.60000000 70.90000000
50 0.9399699850 1.4067033517 0.0176871983 1.10000000 91.80000000 74.30000000
51 0.9429714857 1.4022011006 0.0208136604 1.10000000 94.00000000 77.50000000
52 0.9469734867 1.2341170585 0.0163839313 1.10000000 97.60000000 83.00000000
53 0.9474737369 1.2726363182 0.0201909734 0.80000000 95.70000000 80.80000000
54 0.9554777389 1.2716358179 0.0248436816 0.90000000 95.00000000 77.60000000
55 0.9534767384 1.2191095548 0.0211590916 1.10000000 94.90000000 77.20000000
56 0.9524762381 1.0935467734 0.0167552124 1.00000000 94.90000000 78.10000000
57 0.9519759880 1.0635317659 0.0153370772 1.20000000 99.10000000 78.20000000
58 0.9544772386 0.9659829915 0.0133878888 0.90000000 99.10000000 78.20000000
59 0.9564782391 0.9579789895 0.0138640660 0.70000000 98.70000000 76.80000000
access %, disaccess %
0.009263472073088613, 0.07804101134780012
|M| = 15
make network |V|=2000 |E|=4000
                not_group                          group  
t, Accessible, ave_query, ave_time, TABLE_REQ, ave_member_used ave_member_used_M=0
00 0.8394197099 5.3521760880 0.1360650633 0.00000000 0.00000000 0.00000000
01 0.8869434717 2.2551275638 0.0316236196 0.00000000 0.00000000 0.00000000
02 0.8949474737 1.8369184592 0.0213126314 0.00000000 0.00000000 0.00000000
03 0.9069534767 1.7413706853 0.0192656980 0.00000000 0.00000000 0.00000000
04 0.9029514757 1.6488244122 0.0148179262 0.00000000 0.00000000 0.00000000
05 0.9074537269 1.6008004002 0.0149166100 0.00000000 0.00000000 0.00000000
06 0.9114557279 1.5872936468 0.0137224219 0.00000000 0.00000000 0.00000000
07 0.9094547274 1.6368184092 0.0139871158 0.00000000 0.00000000 0.00000000
08 0.9219609805 1.5747873937 0.0174320209 0.00000000 0.00000000 0.00000000
09 0.9249624812 1.4807403702 0.0145359621 0.00000000 0.00000000 0.00000000
10 0.9229614807 1.4837418709 0.0144155639 0.00000000 0.00000000 0.00000000
11 0.9244622311 1.4872436218 0.0134346796 0.00000000 0.00000000 0.00000000
12 0.9289644822 1.4887443722 0.0166127434 0.00000000 0.00000000 0.00000000
13 0.9319659830 1.3071535768 0.0109686773 0.00000000 0.00000000 0.00000000
14 0.9309654827 1.4492246123 0.0147068279 0.00000000 0.00000000 0.00000000
15 0.9319659830 1.4712356178 0.0179094770 0.00000000 0.00000000 0.00000000
16 0.9314657329 1.2921460730 0.0115118616 0.00000000 0.00000000 0.00000000
17 0.9204602301 1.8494247124 0.0269753895 0.00000000 0.00000000 0.00000000
18 0.9299649825 1.4792396198 0.0213675436 0.00000000 0.00000000 0.00000000
19 0.9334667334 1.4242121061 0.0210027060 0.00000000 0.00000000 0.00000000
20 0.9324662331 1.4172086043 0.0177119654 0.00000000 0.00000000 0.00000000
21 0.9364682341 1.6713356678 0.0280120121 0.00000000 0.00000000 0.00000000
22 0.9414707354 1.4572286143 0.0255130910 0.00000000 0.00000000 0.00000000
23 0.9434717359 1.3721860930 0.0239596456 0.00000000 0.00000000 0.00000000
24 0.9454727364 1.3911955978 0.0213871744 0.00000000 0.00000000 0.00000000
25 0.9429714857 1.4402201101 0.0212847974 0.00000000 0.00000000 0.00000000
26 0.9394697349 1.5852926463 0.0227604088 0.00000000 0.00000000 0.00000000
27 0.9424712356 1.4687343672 0.0204682186 0.00000000 0.00000000 0.00000000
28 0.9424712356 1.3916958479 0.0181463275 0.00000000 0.00000000 0.00000000
29 0.9439719860 1.4432216108 0.0221260499 0.00000000 0.00000000 0.00000000
30 0.8054027014 6.0015007504 0.1167914869 8.20000000 63.40000000 50.86666667
31 0.8304152076 2.5467733867 0.0272841269 3.80000000 71.26666667 57.13333333
32 0.8374187094 2.2701350675 0.0217655409 3.93333333 70.86666667 55.80000000
33 0.8404202101 2.1555777889 0.0182967063 3.33333333 70.40000000 54.80000000
34 0.8644322161 2.0765382691 0.0215324070 2.66666667 70.86666667 55.06666667
35 0.8754377189 1.9299649825 0.0179180179 3.00000000 70.86666667 56.73333333
36 0.8769384692 1.8534267134 0.0156068970 2.46666667 69.40000000 55.13333333
37 0.8924462231 1.8139069535 0.0189216236 2.60000000 71.13333333 56.93333333
38 0.8939469735 1.6708354177 0.0160432496 2.33333333 70.93333333 57.33333333
39 0.8954477239 1.7648824412 0.0182569376 2.40000000 73.20000000 57.20000000
40 0.8954477239 1.8749374687 0.0235930428 2.80000000 70.06666667 54.33333333
41 0.8969484742 1.7643821911 0.0172704825 2.80000000 71.73333333 55.00000000
42 0.9029514757 1.7013506753 0.0165898763 2.26666667 73.40000000 56.60000000
43 0.9214607304 1.6393196598 0.0258048024 2.93333333 131.13333333 103.93333333
44 0.9169584792 1.7723861931 0.0264079815 1.93333333 79.86666667 68.80000000
45 0.9239619810 1.5627813907 0.0232529539 1.66666667 79.53333333 62.33333333
46 0.9269634817 1.5232616308 0.0207956361 1.46666667 81.33333333 63.46666667
47 0.9274637319 1.6873436718 0.0263021217 1.93333333 83.46666667 63.93333333
48 0.9394697349 1.3786893447 0.0203038970 1.46666667 85.20000000 65.40000000
49 0.9374687344 1.6838419210 0.0312450736 1.80000000 88.80000000 71.53333333
50 0.9434717359 1.3551775888 0.0211466470 1.53333333 90.73333333 73.80000000
51 0.9399699850 1.4137068534 0.0214880824 1.66666667 92.60000000 77.13333333
52 0.9439719860 1.2556278139 0.0175489459 1.60000000 94.13333333 81.13333333
53 0.9444722361 1.2881440720 0.0207852336 1.33333333 93.66666667 80.53333333
54 0.9529764882 1.2801400700 0.0254057578 1.46666667 93.93333333 78.93333333
55 0.9509754877 1.2216108054 0.0216036854 1.93333333 93.66666667 79.46666667
56 0.9504752376 1.1040520260 0.0174578706 1.66666667 93.73333333 79.93333333
57 0.9499749875 1.0745372686 0.0158452029 1.80000000 96.86666667 79.93333333
58 0.9524762381 0.9714857429 0.0134674123 1.66666667 96.80000000 79.86666667
59 0.9544772386 0.9659829915 0.0142465766 1.46666667 97.66666667 78.86666667
access %, disaccess %
0.009224722985389639, 0.07825913355959273
|M| = 20
make network |V|=2000 |E|=4000
                not_group                          group  
t, Accessible, ave_query, ave_time, TABLE_REQ, ave_member_used ave_member_used_M=0
00 0.8394197099 5.3521760880 0.1355460588 0.00000000 0.00000000 0.00000000
01 0.8869434717 2.2551275638 0.0315100584 0.00000000 0.00000000 0.00000000
02 0.8949474737 1.8369184592 0.0212321154 0.00000000 0.00000000 0.00000000
03 0.9069534767 1.7413706853 0.0192745593 0.00000000 0.00000000 0.00000000
04 0.9029514757 1.6488244122 0.0147480020 0.00000000 0.00000000 0.00000000
05 0.9074537269 1.6008004002 0.0149001197 0.00000000 0.00000000 0.00000000
06 0.9114557279 1.5872936468 0.0137488049 0.00000000 0.00000000 0.00000000
07 0.9094547274 1.6368184092 0.0139004056 0.00000000 0.00000000 0.00000000
08 0.9219609805 1.5747873937 0.0173900998 0.00000000 0.00000000 0.00000000
09 0.9249624812 1.4807403702 0.0145737484 0.00000000 0.00000000 0.00000000
10 0.9229614807 1.4837418709 0.0144260754 0.00000000 0.00000000 0.00000000
11 0.9244622311 1.4872436218 0.0133678186 0.00000000 0.00000000 0.00000000
12 0.9289644822 1.4887443722 0.0165225897 0.00000000 0.00000000 0.00000000
13 0.9319659830 1.3071535768 0.0109237983 0.00000000 0.00000000 0.00000000
14 0.9309654827 1.4492246123 0.0146817159 0.00000000 0.00000000 0.00000000
15 0.9319659830 1.4712356178 0.0178906351 0.00000000 0.00000000 0.00000000
16 0.9314657329 1.2921460730 0.0114552524 0.00000000 0.00000000 0.00000000
17 0.9204602301 1.8494247124 0.0268772518 0.00000000 0.00000000 0.00000000
18 0.9299649825 1.4792396198 0.0212653668 0.00000000 0.00000000 0.00000000
19 0.9334667334 1.4242121061 0.0209080603 0.00000000 0.00000000 0.00000000
20 0.9324662331 1.4172086043 0.0176790145 0.00000000 0.00000000 0.00000000
21 0.9364682341 1.6713356678 0.0279618284 0.00000000 0.00000000 0.00000000
22 0.9414707354 1.4572286143 0.0254511380 0.00000000 0.00000000 0.00000000
23 0.9434717359 1.3721860930 0.0238850878 0.00000000 0.00000000 0.00000000
24 0.9454727364 1.3911955978 0.0211041021 0.00000000 0.00000000 0.00000000
25 0.9429714857 1.4402201101 0.0212533647 0.00000000 0.00000000 0.00000000
26 0.9394697349 1.5852926463 0.0226588372 0.00000000 0.00000000 0.00000000
27 0.9424712356 1.4687343672 0.0203392809 0.00000000 0.00000000 0.00000000
28 0.9424712356 1.3916958479 0.0180572448 0.00000000 0.00000000 0.00000000
29 0.9439719860 1.4432216108 0.0220798597 0.00000000 0.00000000 0.00000000
30 0.8069034517 5.9589794897 0.1164741220 9.05000000 93.30000000 62.50000000
31 0.8324162081 2.5162581291 0.0268837560 3.95000000 99.85000000 68.00000000
32 0.8394197099 2.1760880440 0.0185935049 3.55000000 101.90000000 65.15000000
33 0.8419209605 2.0960480240 0.0168600539 3.35000000 101.60000000 64.95000000
34 0.8664332166 2.0170085043 0.0209040967 2.80000000 103.90000000 65.35000000
35 0.8784392196 1.8834417209 0.0182142390 3.40000000 102.30000000 66.95000000
36 0.8799399700 1.7878939470 0.0151245408 2.45000000 100.85000000 65.90000000
37 0.8949474737 1.7613806903 0.0185303200 2.70000000 102.05000000 67.60000000
38 0.8964482241 1.6123061531 0.0154021682 2.40000000 102.40000000 67.60000000
39 0.8984492246 1.7058529265 0.0184089880 2.80000000 106.25000000 69.05000000
40 0.8974487244 1.8234117059 0.0229235209 2.80000000 105.40000000 67.35000000
41 0.8984492246 1.7123561781 0.0165474210 2.55000000 107.30000000 67.80000000
42 0.9044522261 1.6503251626 0.0162034196 2.25000000 109.25000000 69.55000000
43 0.9184592296 1.7003501751 0.0249870329 2.85000000 112.50000000 106.35000000
44 0.9144572286 1.8004002001 0.0271950819 2.50000000 112.95000000 79.75000000
45 0.9209604802 1.6513256628 0.0260468576 2.10000000 115.40000000 75.20000000
46 0.9239619810 1.5077538769 0.0203167022 1.80000000 115.05000000 74.30000000
47 0.9249624812 1.6743371686 0.0250799254 1.90000000 119.05000000 76.05000000
48 0.9364682341 1.3796898449 0.0195555403 1.60000000 120.55000000 77.20000000
49 0.9369684842 1.6838419210 0.0313430029 1.90000000 122.20000000 81.25000000
50 0.9419709855 1.3501750875 0.0206648653 1.55000000 124.25000000 83.50000000
51 0.9399699850 1.4027013507 0.0217147911 1.75000000 126.60000000 85.60000000
52 0.9439719860 1.2441220610 0.0171345629 1.55000000 128.15000000 88.65000000
53 0.9459729865 1.2761380690 0.0211237387 1.70000000 129.75000000 88.80000000
54 0.9519759880 1.2856428214 0.0252214536 1.50000000 128.70000000 87.05000000
55 0.9499749875 1.2311155578 0.0210062526 1.85000000 128.70000000 87.00000000
56 0.9419709855 1.2351175588 0.0170869832 1.90000000 128.50000000 87.10000000
57 0.9514757379 1.0110055028 0.0143762665 1.70000000 132.50000000 86.90000000
58 0.9439719860 1.0170085043 0.0109208965 1.80000000 131.85000000 86.75000000
59 0.9519759880 0.9634817409 0.0109057001 1.80000000 134.95000000 86.30000000
access %, disaccess %
0.009453791070307452, 0.08109993025804524
|M| = 25
make network |V|=2000 |E|=4000
                not_group                          group  
t, Accessible, ave_query, ave_time, TABLE_REQ, ave_member_used ave_member_used_M=0
00 0.8394197099 5.3521760880 0.1389674620 0.00000000 0.00000000 0.00000000
01 0.8869434717 2.2551275638 0.0308420093 0.00000000 0.00000000 0.00000000
02 0.8949474737 1.8369184592 0.0209955605 0.00000000 0.00000000 0.00000000
03 0.9069534767 1.7413706853 0.0189082986 0.00000000 0.00000000 0.00000000
04 0.9029514757 1.6488244122 0.0144693099 0.00000000 0.00000000 0.00000000
05 0.9074537269 1.6008004002 0.0144902945 0.00000000 0.00000000 0.00000000
06 0.9114557279 1.5872936468 0.0135079493 0.00000000 0.00000000 0.00000000
07 0.9094547274 1.6368184092 0.0136617777 0.00000000 0.00000000 0.00000000
08 0.9219609805 1.5747873937 0.0171040768 0.00000000 0.00000000 0.00000000
09 0.9249624812 1.4807403702 0.0142991694 0.00000000 0.00000000 0.00000000
10 0.9229614807 1.4837418709 0.0142102856 0.00000000 0.00000000 0.00000000
11 0.9244622311 1.4872436218 0.0131748370 0.00000000 0.00000000 0.00000000
12 0.9289644822 1.4887443722 0.0162150322 0.00000000 0.00000000 0.00000000
13 0.9319659830 1.3071535768 0.0107099177 0.00000000 0.00000000 0.00000000
14 0.9309654827 1.4492246123 0.0144337736 0.00000000 0.00000000 0.00000000
15 0.9319659830 1.4712356178 0.0174869309 0.00000000 0.00000000 0.00000000
16 0.9314657329 1.2921460730 0.0113057742 0.00000000 0.00000000 0.00000000
17 0.9204602301 1.8494247124 0.0264409063 0.00000000 0.00000000 0.00000000
18 0.9299649825 1.4792396198 0.0209392917 0.00000000 0.00000000 0.00000000
19 0.9334667334 1.4242121061 0.0205275058 0.00000000 0.00000000 0.00000000
20 0.9324662331 1.4172086043 0.0173527986 0.00000000 0.00000000 0.00000000
21 0.9364682341 1.6713356678 0.0274966838 0.00000000 0.00000000 0.00000000
22 0.9414707354 1.4572286143 0.0249973170 0.00000000 0.00000000 0.00000000
23 0.9434717359 1.3721860930 0.0239299169 0.00000000 0.00000000 0.00000000
24 0.9454727364 1.3911955978 0.0207588147 0.00000000 0.00000000 0.00000000
25 0.9429714857 1.4402201101 0.0209220029 0.00000000 0.00000000 0.00000000
26 0.9394697349 1.5852926463 0.0222853788 0.00000000 0.00000000 0.00000000
27 0.9424712356 1.4687343672 0.0199637796 0.00000000 0.00000000 0.00000000
28 0.9424712356 1.3916958479 0.0178097913 0.00000000 0.00000000 0.00000000
29 0.9439719860 1.4432216108 0.0217121915 0.00000000 0.00000000 0.00000000
30 0.8069034517 5.9519759880 0.1136183400 10.08000000 96.12000000 63.60000000
31 0.8329164582 2.5187593797 0.0268572110 4.12000000 104.16000000 68.12000000
32 0.8404202101 2.1725862931 0.0185322281 3.64000000 106.28000000 66.08000000
33 0.8429214607 2.0905452726 0.0166205017 3.32000000 105.96000000 66.24000000
34 0.8659329665 2.0170085043 0.0202804577 2.88000000 108.56000000 68.44000000
35 0.8784392196 1.8834417209 0.0178449265 3.72000000 107.84000000 69.52000000
36 0.8799399700 1.7773886943 0.0146962505 2.52000000 107.04000000 68.68000000
37 0.8949474737 1.7588794397 0.0182648445 2.80000000 108.04000000 70.04000000
38 0.8964482241 1.6013006503 0.0150129147 2.40000000 108.40000000 70.36000000
39 0.8984492246 1.6903451726 0.0178396538 2.72000000 112.16000000 71.72000000
40 0.8974487244 1.8059029515 0.0221480572 2.84000000 111.76000000 70.64000000
41 0.8989494747 1.7038519260 0.0161887864 2.56000000 114.92000000 71.88000000
42 0.9049524762 1.6383191596 0.0155995296 2.36000000 116.88000000 73.32000000
43 0.9184592296 1.6948474237 0.0242060007 2.92000000 117.68000000 102.68000000
44 0.9144572286 1.7963981991 0.0258309939 2.64000000 118.24000000 81.36000000
45 0.9209604802 1.6508254127 0.0254294161 2.44000000 119.12000000 77.08000000
46 0.9239619810 1.5107553777 0.0196429805 2.24000000 120.80000000 77.24000000
47 0.9249624812 1.6668334167 0.0241195571 2.24000000 120.64000000 76.68000000
48 0.9374687344 1.3756878439 0.0192933824 1.88000000 123.84000000 78.80000000
49 0.9379689845 1.6733366683 0.0309390784 2.36000000 125.36000000 81.56000000
50 0.9429714857 1.3291645823 0.0206805539 1.88000000 129.40000000 85.36000000
51 0.9409704852 1.3901950975 0.0215416655 1.88000000 131.16000000 87.44000000
52 0.9449724862 1.2316158079 0.0168797320 1.80000000 133.00000000 90.48000000
53 0.9469734867 1.2651325663 0.0206326778 1.84000000 135.32000000 91.68000000
54 0.9529764882 1.2641320660 0.0246244846 1.56000000 135.40000000 90.88000000
55 0.9504752376 1.2156078039 0.0201501174 1.80000000 135.48000000 90.52000000
56 0.9424712356 1.2256128064 0.0166883080 1.92000000 134.32000000 90.80000000
57 0.9519759880 1.0000000000 0.0138109540 1.68000000 139.20000000 90.88000000
58 0.9444722361 1.0055027514 0.0104023096 1.80000000 137.88000000 90.96000000
59 0.9524762381 0.9534767384 0.0106038974 1.88000000 140.76000000 90.60000000
access %, disaccess %
0.009478931664362127, 0.0815021973631642
|M| = 30
make network |V|=2000 |E|=4000
                not_group                          group  
t, Accessible, ave_query, ave_time, TABLE_REQ, ave_member_used ave_member_used_M=0
00 0.8394197099 5.3521760880 0.1330967981 0.00000000 0.00000000 0.00000000
01 0.8869434717 2.2551275638 0.0310157920 0.00000000 0.00000000 0.00000000
02 0.8949474737 1.8369184592 0.0207805828 0.00000000 0.00000000 0.00000000
03 0.9069534767 1.7413706853 0.0188842829 0.00000000 0.00000000 0.00000000
04 0.9029514757 1.6488244122 0.0144736501 0.00000000 0.00000000 0.00000000
05 0.9074537269 1.6008004002 0.0145740827 0.00000000 0.00000000 0.00000000
06 0.9114557279 1.5872936468 0.0134365306 0.00000000 0.00000000 0.00000000
07 0.9094547274 1.6368184092 0.0136396881 0.00000000 0.00000000 0.00000000
08 0.9219609805 1.5747873937 0.0170210024 0.00000000 0.00000000 0.00000000
09 0.9249624812 1.4807403702 0.0141849288 0.00000000 0.00000000 0.00000000
10 0.9229614807 1.4837418709 0.0141678103 0.00000000 0.00000000 0.00000000
11 0.9244622311 1.4872436218 0.0130477538 0.00000000 0.00000000 0.00000000
12 0.9289644822 1.4887443722 0.0162132473 0.00000000 0.00000000 0.00000000
13 0.9319659830 1.3071535768 0.0106719948 0.00000000 0.00000000 0.00000000
14 0.9309654827 1.4492246123 0.0144005177 0.00000000 0.00000000 0.00000000
15 0.9319659830 1.4712356178 0.0174453040 0.00000000 0.00000000 0.00000000
16 0.9314657329 1.2921460730 0.0112586279 0.00000000 0.00000000 0.00000000
17 0.9204602301 1.8494247124 0.0262791707 0.00000000 0.00000000 0.00000000
18 0.9299649825 1.4792396198 0.0208482182 0.00000000 0.00000000 0.00000000
19 0.9334667334 1.4242121061 0.0204160310 0.00000000 0.00000000 0.00000000
20 0.9324662331 1.4172086043 0.0173100197 0.00000000 0.00000000 0.00000000
21 0.9364682341 1.6713356678 0.0273413604 0.00000000 0.00000000 0.00000000
22 0.9414707354 1.4572286143 0.0249328704 0.00000000 0.00000000 0.00000000
23 0.9434717359 1.3721860930 0.0233387679 0.00000000 0.00000000 0.00000000
24 0.9454727364 1.3911955978 0.0206249021 0.00000000 0.00000000 0.00000000
25 0.9429714857 1.4402201101 0.0207648814 0.00000000 0.00000000 0.00000000
26 0.9394697349 1.5852926463 0.0222899556 0.00000000 0.00000000 0.00000000
27 0.9424712356 1.4687343672 0.0198919468 0.00000000 0.00000000 0.00000000
28 0.9424712356 1.3916958479 0.0177287512 0.00000000 0.00000000 0.00000000
29 0.9439719860 1.4432216108 0.0216187646 0.00000000 0.00000000 0.00000000
30 0.8179089545 5.7978989495 0.1198243295 13.13333333 136.13333333 81.70000000
31 0.8399199600 2.4372186093 0.0273641885 4.96666667 138.73333333 85.36666667
32 0.8479239620 2.0510255128 0.0171846183 3.80000000 141.06666667 84.10000000
33 0.8504252126 1.9839919960 0.0166429448 3.70000000 141.13333333 84.03333333
34 0.8734367184 1.9014507254 0.0192862444 3.33333333 145.10000000 87.43333333
35 0.8909454727 1.7233616808 0.0181670492 3.83333333 154.56666667 90.50000000
36 0.8909454727 1.6253126563 0.0138129496 2.76666667 154.40000000 90.06666667
37 0.9024512256 1.6663331666 0.0186635869 3.43333333 153.26666667 89.80000000
38 0.9039519760 1.5287643822 0.0149229974 2.73333333 154.13333333 90.13333333
39 0.9069534767 1.6098049025 0.0170789302 2.96666667 157.86666667 92.06666667
40 0.9054527264 1.7528764382 0.0228852064 3.03333333 158.26666667 90.90000000
41 0.9054527264 1.6618309155 0.0161627213 2.83333333 159.60000000 92.83333333
42 0.9124562281 1.5997998999 0.0177129537 2.83333333 164.53333333 94.26666667
43 0.9269634817 1.6168084042 0.0249848838 3.23333333 173.33333333 119.10000000
44 0.9219609805 1.7093546773 0.0262330366 3.16666667 172.60000000 102.40000000
45 0.9264632316 1.5802901451 0.0249760998 2.83333333 167.00000000 97.63333333
46 0.9299649825 1.4522261131 0.0200148756 2.63333333 168.93333333 98.10000000
47 0.9309654827 1.5992996498 0.0246674170 2.76666667 169.86666667 96.06666667
48 0.9379689845 1.3681840920 0.0202097828 2.56666667 170.70000000 98.00000000
49 0.9374687344 1.6928464232 0.0319201947 3.33333333 170.70000000 100.66666667
50 0.9444722361 1.3231615808 0.0210079298 2.26666667 174.36666667 104.13333333
51 0.9424712356 1.3606803402 0.0217539145 2.06666667 176.83333333 106.06666667
52 0.9464732366 1.2026013007 0.0162869366 2.00000000 179.50000000 109.06666667
53 0.9499749875 1.2521260630 0.0217938916 2.16666667 180.46666667 109.40000000
54 0.9549774887 1.2126063032 0.0239223917 1.80000000 183.03333333 109.66666667
55 0.9519759880 1.1745872936 0.0197641468 1.76666667 182.06666667 109.06666667
56 0.9444722361 1.1780890445 0.0163195987 1.76666667 181.40000000 109.53333333
57 0.9529764882 0.9804902451 0.0140053048 1.60000000 185.23333333 109.26666667
58 0.9464732366 0.9804902451 0.0108628650 1.76666667 184.40000000 109.60000000
59 0.9554777389 0.9274637319 0.0106806090 1.80000000 186.46666667 109.50000000
access %, disaccess %
0.009287813373000036, 0.08175061932287365
|M| = 35
make network |V|=2000 |E|=4000
                not_group                          group  
t, Accessible, ave_query, ave_time, TABLE_REQ, ave_member_used ave_member_used_M=0
00 0.8394197099 5.3521760880 0.1322529713 0.00000000 0.00000000 0.00000000
01 0.8869434717 2.2551275638 0.0306188280 0.00000000 0.00000000 0.00000000
02 0.8949474737 1.8369184592 0.0206518322 0.00000000 0.00000000 0.00000000
03 0.9069534767 1.7413706853 0.0186980752 0.00000000 0.00000000 0.00000000
04 0.9029514757 1.6488244122 0.0143959136 0.00000000 0.00000000 0.00000000
05 0.9074537269 1.6008004002 0.0144011020 0.00000000 0.00000000 0.00000000
06 0.9114557279 1.5872936468 0.0133232760 0.00000000 0.00000000 0.00000000
07 0.9094547274 1.6368184092 0.0135660542 0.00000000 0.00000000 0.00000000
08 0.9219609805 1.5747873937 0.0169365015 0.00000000 0.00000000 0.00000000
09 0.9249624812 1.4807403702 0.0141442343 0.00000000 0.00000000 0.00000000
10 0.9229614807 1.4837418709 0.0140927251 0.00000000 0.00000000 0.00000000
11 0.9244622311 1.4872436218 0.0130221868 0.00000000 0.00000000 0.00000000
12 0.9289644822 1.4887443722 0.0160583517 0.00000000 0.00000000 0.00000000
13 0.9319659830 1.3071535768 0.0106176419 0.00000000 0.00000000 0.00000000
14 0.9309654827 1.4492246123 0.0143551638 0.00000000 0.00000000 0.00000000
15 0.9319659830 1.4712356178 0.0174056559 0.00000000 0.00000000 0.00000000
16 0.9314657329 1.2921460730 0.0111842640 0.00000000 0.00000000 0.00000000
17 0.9204602301 1.8494247124 0.0261834531 0.00000000 0.00000000 0.00000000
18 0.9299649825 1.4792396198 0.0207818968 0.00000000 0.00000000 0.00000000
19 0.9334667334 1.4242121061 0.0203488706 0.00000000 0.00000000 0.00000000
20 0.9324662331 1.4172086043 0.0171798768 0.00000000 0.00000000 0.00000000
21 0.9364682341 1.6713356678 0.0272274092 0.00000000 0.00000000 0.00000000
22 0.9414707354 1.4572286143 0.0247818285 0.00000000 0.00000000 0.00000000
23 0.9434717359 1.3721860930 0.0232719958 0.00000000 0.00000000 0.00000000
24 0.9454727364 1.3911955978 0.0205829976 0.00000000 0.00000000 0.00000000
25 0.9429714857 1.4402201101 0.0206747294 0.00000000 0.00000000 0.00000000
26 0.9394697349 1.5852926463 0.0220229116 0.00000000 0.00000000 0.00000000
27 0.9424712356 1.4687343672 0.0197939100 0.00000000 0.00000000 0.00000000
28 0.9424712356 1.3916958479 0.0177039353 0.00000000 0.00000000 0.00000000
29 0.9439719860 1.4432216108 0.0214865670 0.00000000 0.00000000 0.00000000
30 0.8199099550 5.7563781891 0.1178234896 12.28571429 131.17142857 77.11428571
31 0.8414207104 2.4192096048 0.0279415800 4.62857143 134.71428571 80.42857143
32 0.8494247124 2.0480240120 0.0183079329 3.65714286 137.11428571 79.82857143
33 0.8514257129 1.9749874937 0.0176407412 3.51428571 137.05714286 79.77142857
34 0.8739369685 1.8914457229 0.0200902844 3.14285714 140.34285714 83.02857143
35 0.8914457229 1.7268634317 0.0187753608 3.62857143 150.31428571 85.51428571
36 0.8914457229 1.6203101551 0.0135463273 2.57142857 150.14285714 85.37142857
37 0.9039519760 1.6623311656 0.0191491034 3.25714286 149.34285714 85.85714286
38 0.9074537269 1.5377688844 0.0158045361 2.74285714 149.08571429 84.88571429
39 0.9104552276 1.6018009005 0.0172775388 2.82857143 153.05714286 86.94285714
40 0.9094547274 1.7358679340 0.0231302598 2.97142857 154.02857143 86.48571429
41 0.9089544772 1.6508254127 0.0161567027 2.77142857 155.17142857 88.28571429
42 0.9129564782 1.6008004002 0.0164215348 2.65714286 157.34285714 89.37142857
43 0.9264632316 1.6568284142 0.0256215212 2.97142857 164.54285714 110.65714286
44 0.9214607304 1.7253626813 0.0263225293 2.80000000 163.82857143 97.08571429
45 0.9259629815 1.6103051526 0.0252807959 2.62857143 159.60000000 93.08571429
46 0.9289644822 1.4787393697 0.0200036413 2.45714286 160.31428571 93.80000000
47 0.9299649825 1.6268134067 0.0247766118 2.71428571 162.57142857 92.34285714
48 0.9299649825 1.4412206103 0.0186227288 2.34285714 160.85714286 94.20000000
49 0.9304652326 1.7958979490 0.0309502611 3.25714286 159.20000000 94.40000000
50 0.9369684842 1.4217108554 0.0201499501 2.25714286 163.00000000 97.37142857
51 0.9354677339 1.4582291146 0.0212456990 2.14285714 166.48571429 99.28571429
52 0.9399699850 1.2646323162 0.0158735591 1.97142857 168.97142857 101.71428571
53 0.9434717359 1.3251625813 0.0196968050 2.11428571 169.42857143 102.25714286
54 0.9509754877 1.2626313157 0.0232930644 1.82857143 170.82857143 102.85714286
55 0.9459729865 1.2741370685 0.0197461507 1.85714286 169.20000000 102.00000000
56 0.9414707354 1.2196098049 0.0160419006 1.91428571 170.85714286 102.08571429
57 0.9499749875 0.9964982491 0.0125223314 1.65714286 174.05714286 101.97142857
58 0.9439719860 0.9989994997 0.0094506414 1.77142857 172.82857143 102.25714286
59 0.9519759880 0.9489744872 0.0093545850 1.82857143 174.74285714 102.17142857
access %, disaccess %
0.009204458806869757, 0.08070785597381341
|M| = 40
make network |V|=2000 |E|=4000
                not_group                          group  
t, Accessible, ave_query, ave_time, TABLE_REQ, ave_member_used ave_member_used_M=0
00 0.8394197099 5.3521760880 0.1320310194 0.00000000 0.00000000 0.00000000
01 0.8869434717 2.2551275638 0.0305991987 0.00000000 0.00000000 0.00000000
02 0.8949474737 1.8369184592 0.0206049597 0.00000000 0.00000000 0.00000000
03 0.9069534767 1.7413706853 0.0187529201 0.00000000 0.00000000 0.00000000
04 0.9029514757 1.6488244122 0.0144197050 0.00000000 0.00000000 0.00000000
05 0.9074537269 1.6008004002 0.0144410342 0.00000000 0.00000000 0.00000000
06 0.9114557279 1.5872936468 0.0134048920 0.00000000 0.00000000 0.00000000
07 0.9094547274 1.6368184092 0.0135228144 0.00000000 0.00000000 0.00000000
08 0.9219609805 1.5747873937 0.0169357380 0.00000000 0.00000000 0.00000000
09 0.9249624812 1.4807403702 0.0141806273 0.00000000 0.00000000 0.00000000
10 0.9229614807 1.4837418709 0.0142707492 0.00000000 0.00000000 0.00000000
11 0.9244622311 1.4872436218 0.0130804953 0.00000000 0.00000000 0.00000000
12 0.9289644822 1.4887443722 0.0160800841 0.00000000 0.00000000 0.00000000
13 0.9319659830 1.3071535768 0.0105897666 0.00000000 0.00000000 0.00000000
14 0.9309654827 1.4492246123 0.0143637458 0.00000000 0.00000000 0.00000000
15 0.9319659830 1.4712356178 0.0174162593 0.00000000 0.00000000 0.00000000
16 0.9314657329 1.2921460730 0.0111780400 0.00000000 0.00000000 0.00000000
17 0.9204602301 1.8494247124 0.0262723655 0.00000000 0.00000000 0.00000000
18 0.9299649825 1.4792396198 0.0207712890 0.00000000 0.00000000 0.00000000
19 0.9334667334 1.4242121061 0.0203151588 0.00000000 0.00000000 0.00000000
20 0.9324662331 1.4172086043 0.0171932776 0.00000000 0.00000000 0.00000000
21 0.9364682341 1.6713356678 0.0272097317 0.00000000 0.00000000 0.00000000
22 0.9414707354 1.4572286143 0.0247885849 0.00000000 0.00000000 0.00000000
23 0.9434717359 1.3721860930 0.0232829697 0.00000000 0.00000000 0.00000000
24 0.9454727364 1.3911955978 0.0205437138 0.00000000 0.00000000 0.00000000
25 0.9429714857 1.4402201101 0.0206950330 0.00000000 0.00000000 0.00000000
26 0.9394697349 1.5852926463 0.0220649872 0.00000000 0.00000000 0.00000000
27 0.9424712356 1.4687343672 0.0197761551 0.00000000 0.00000000 0.00000000
28 0.9424712356 1.3916958479 0.0176187191 0.00000000 0.00000000 0.00000000
29 0.9439719860 1.4432216108 0.0215251836 0.00000000 0.00000000 0.00000000
30 0.8204102051 5.7403701851 0.1182578766 11.30000000 126.77500000 75.27500000
31 0.8419209605 2.4137068534 0.0280722958 4.32500000 130.37500000 78.72500000
32 0.8494247124 2.0470235118 0.0178781518 3.35000000 132.80000000 78.17500000
33 0.8529264632 1.9599799900 0.0166289127 3.25000000 133.97500000 78.57500000
34 0.8764382191 1.8784392196 0.0199116514 2.97500000 139.70000000 82.40000000
35 0.8944472236 1.6973486743 0.0190468394 3.30000000 148.55000000 84.75000000
36 0.8944472236 1.5842921461 0.0134143940 2.30000000 148.30000000 84.75000000
37 0.9074537269 1.6238119060 0.0195546363 2.90000000 148.50000000 85.05000000
38 0.9104552276 1.4992496248 0.0161399556 2.47500000 149.42500000 84.52500000
39 0.9139569785 1.5572786393 0.0171902428 2.67500000 152.87500000 86.12500000
40 0.9109554777 1.7458729365 0.0220663024 2.97500000 158.62500000 88.45000000
41 0.9119559780 1.6558279140 0.0206463040 2.70000000 155.00000000 90.05000000
42 0.9194597299 1.5197598799 0.0169117639 2.30000000 159.05000000 91.02500000
43 0.9324662331 1.5182591296 0.0235179184 2.47500000 166.20000000 109.95000000
44 0.9274637319 1.6118059030 0.0253658001 2.37500000 165.97500000 99.27500000
45 0.9344672336 1.4712356178 0.0233659536 2.20000000 165.85000000 95.45000000
46 0.9379689845 1.4502251126 0.0220993752 2.30000000 166.75000000 96.22500000
47 0.9394697349 1.5947973987 0.0276971387 2.72500000 170.70000000 95.00000000
48 0.9454727364 1.3436718359 0.0217096625 2.10000000 171.32500000 96.97500000
49 0.9479739870 1.7483741871 0.0330396022 2.87500000 171.12500000 96.80000000
50 0.9539769885 1.3551775888 0.0232867005 1.95000000 174.67500000 99.35000000
51 0.9519759880 1.3296648324 0.0221451715 1.77500000 177.40000000 100.72500000
52 0.9559779890 1.1570785393 0.0175488699 1.62500000 178.80000000 102.85000000
53 0.9589794897 1.1735867934 0.0217459406 1.62500000 180.52500000 103.92500000
54 0.9639819910 1.1620810405 0.0259669330 1.52500000 181.12500000 104.32500000
55 0.9584792396 1.1620810405 0.0228690424 1.65000000 179.20000000 103.62500000
56 0.9599799900 0.9719859930 0.0187154617 1.55000000 195.37500000 103.57500000
57 0.9599799900 0.9904952476 0.0170424991 1.50000000 182.12500000 103.55000000
58 0.9609804902 0.8534267134 0.0150480533 1.47500000 196.85000000 103.57500000
59 0.9584792396 0.9874937469 0.0163084355 2.05000000 195.40000000 103.47500000
access %, disaccess %
0.009045970882998817, 0.08219325649035872
|M| = 45
make network |V|=2000 |E|=4000
                not_group                          group  
t, Accessible, ave_query, ave_time, TABLE_REQ, ave_member_used ave_member_used_M=0
00 0.8394197099 5.3521760880 0.1314536162 0.00000000 0.00000000 0.00000000
01 0.8869434717 2.2551275638 0.0305099549 0.00000000 0.00000000 0.00000000
02 0.8949474737 1.8369184592 0.0205345757 0.00000000 0.00000000 0.00000000
03 0.9069534767 1.7413706853 0.0186191964 0.00000000 0.00000000 0.00000000
04 0.9029514757 1.6488244122 0.0142627513 0.00000000 0.00000000 0.00000000
05 0.9074537269 1.6008004002 0.0143099220 0.00000000 0.00000000 0.00000000
06 0.9114557279 1.5872936468 0.0133219970 0.00000000 0.00000000 0.00000000
07 0.9094547274 1.6368184092 0.0134885300 0.00000000 0.00000000 0.00000000
08 0.9219609805 1.5747873937 0.0169466756 0.00000000 0.00000000 0.00000000
09 0.9249624812 1.4807403702 0.0140908153 0.00000000 0.00000000 0.00000000
10 0.9229614807 1.4837418709 0.0140251994 0.00000000 0.00000000 0.00000000
11 0.9244622311 1.4872436218 0.0129975799 0.00000000 0.00000000 0.00000000
12 0.9289644822 1.4887443722 0.0159942119 0.00000000 0.00000000 0.00000000
13 0.9319659830 1.3071535768 0.0105360570 0.00000000 0.00000000 0.00000000
14 0.9309654827 1.4492246123 0.0142550290 0.00000000 0.00000000 0.00000000
15 0.9319659830 1.4712356178 0.0173705959 0.00000000 0.00000000 0.00000000
16 0.9314657329 1.2921460730 0.0111489253 0.00000000 0.00000000 0.00000000
17 0.9204602301 1.8494247124 0.0260777848 0.00000000 0.00000000 0.00000000
18 0.9299649825 1.4792396198 0.0206881872 0.00000000 0.00000000 0.00000000
19 0.9334667334 1.4242121061 0.0202308064 0.00000000 0.00000000 0.00000000
20 0.9324662331 1.4172086043 0.0171468334 0.00000000 0.00000000 0.00000000
21 0.9364682341 1.6713356678 0.0270390372 0.00000000 0.00000000 0.00000000
22 0.9414707354 1.4572286143 0.0246757137 0.00000000 0.00000000 0.00000000
23 0.9434717359 1.3721860930 0.0232188382 0.00000000 0.00000000 0.00000000
24 0.9454727364 1.3911955978 0.0204700001 0.00000000 0.00000000 0.00000000
25 0.9429714857 1.4402201101 0.0205958912 0.00000000 0.00000000 0.00000000
26 0.9394697349 1.5852926463 0.0218495274 0.00000000 0.00000000 0.00000000
27 0.9424712356 1.4687343672 0.0197305765 0.00000000 0.00000000 0.00000000
28 0.9424712356 1.3916958479 0.0175593677 0.00000000 0.00000000 0.00000000
29 0.9439719860 1.4432216108 0.0213596567 0.00000000 0.00000000 0.00000000
30 0.8304152076 5.6118059030 0.1178934322 12.28888889 146.77777778 77.08888889
31 0.8519259630 2.3346673337 0.0287364747 4.44444444 145.37777778 78.88888889
32 0.8584292146 1.9404702351 0.0180778023 3.33333333 147.95555556 78.60000000
33 0.8599299650 1.8704352176 0.0157884822 3.06666667 149.28888889 79.42222222
34 0.8839419710 1.7853926963 0.0193833806 2.73333333 155.24444444 82.95555556
35 0.8984492246 1.6233116558 0.0186621728 3.35555556 163.28888889 85.11111111
36 0.8984492246 1.5352676338 0.0133930604 2.11111111 163.51111111 85.31111111
37 0.9114557279 1.5792896448 0.0194480744 2.82222222 165.13333333 86.00000000
38 0.9134567284 1.4432216108 0.0156905556 2.53333333 165.02222222 84.77777778
39 0.9169584792 1.4992496248 0.0165938656 2.33333333 167.95555556 86.84444444
40 0.9149574787 1.6553276638 0.0211245451 2.75555556 173.24444444 88.86666667
41 0.9144572286 1.5732866433 0.0194440975 2.55555556 169.28888889 90.48888889
42 0.9204602301 1.4897448724 0.0167729620 2.17777778 169.91111111 90.55555556
43 0.9324662331 1.4517258629 0.0215611811 2.11111111 177.44444444 107.62222222
44 0.9284642321 1.5432716358 0.0238647648 2.02222222 177.84444444 98.57777778
45 0.9349674837 1.4122061031 0.0218953367 1.91111111 177.35555556 95.00000000
46 0.9379689845 1.3676838419 0.0203606511 2.04444444 177.84444444 95.86666667
47 0.9389694847 1.5497748874 0.0266449290 2.46666667 182.53333333 94.95555556
48 0.9449724862 1.3211605803 0.0215816392 2.00000000 181.95555556 96.95555556
49 0.9464732366 1.7218609305 0.0328887742 2.82222222 182.26666667 96.84444444
50 0.9524762381 1.3386693347 0.0229639681 1.93333333 185.26666667 99.11111111
51 0.9499749875 1.3071535768 0.0211495350 1.88888889 187.15555556 100.88888889
52 0.9539769885 1.1595797899 0.0177648355 1.75555556 188.35555556 102.77777778
53 0.9579789895 1.1865932966 0.0221128788 1.73333333 190.77777778 103.60000000
54 0.9624812406 1.1795897949 0.0269396613 1.55555556 190.37777778 103.88888889
55 0.9569784892 1.1650825413 0.0231125996 1.77777778 189.20000000 103.08888889
56 0.9584792396 0.9789894947 0.0193479232 1.64444444 204.91111111 102.97777778
57 0.9589794897 0.9879939970 0.0173166223 1.55555556 192.44444444 102.88888889
58 0.9594797399 0.8749374687 0.0155896288 1.55555556 206.66666667 102.91111111
59 0.9584792396 1.0020010005 0.0169428406 2.15555556 204.44444444 102.82222222
access %, disaccess %
0.008883592438112778, 0.08131676477000219
|M| = 50
make network |V|=2000 |E|=4000
                not_group                          group  
t, Accessible, ave_query, ave_time, TABLE_REQ, ave_member_used ave_member_used_M=0
00 0.8394197099 5.3521760880 0.1311920307 0.00000000 0.00000000 0.00000000
01 0.8869434717 2.2551275638 0.0304392733 0.00000000 0.00000000 0.00000000
02 0.8949474737 1.8369184592 0.0204261368 0.00000000 0.00000000 0.00000000
03 0.9069534767 1.7413706853 0.0185660054 0.00000000 0.00000000 0.00000000
04 0.9029514757 1.6488244122 0.0142852488 0.00000000 0.00000000 0.00000000
05 0.9074537269 1.6008004002 0.0144266891 0.00000000 0.00000000 0.00000000
06 0.9114557279 1.5872936468 0.0132433358 0.00000000 0.00000000 0.00000000
07 0.9094547274 1.6368184092 0.0134612722 0.00000000 0.00000000 0.00000000
08 0.9219609805 1.5747873937 0.0168234803 0.00000000 0.00000000 0.00000000
09 0.9249624812 1.4807403702 0.0140194709 0.00000000 0.00000000 0.00000000
10 0.9229614807 1.4837418709 0.0139179475 0.00000000 0.00000000 0.00000000
11 0.9244622311 1.4872436218 0.0129135521 0.00000000 0.00000000 0.00000000
12 0.9289644822 1.4887443722 0.0159642201 0.00000000 0.00000000 0.00000000
13 0.9319659830 1.3071535768 0.0105308387 0.00000000 0.00000000 0.00000000
14 0.9309654827 1.4492246123 0.0142237110 0.00000000 0.00000000 0.00000000
15 0.9319659830 1.4712356178 0.0172090510 0.00000000 0.00000000 0.00000000
16 0.9314657329 1.2921460730 0.0111690364 0.00000000 0.00000000 0.00000000
17 0.9204602301 1.8494247124 0.0259531684 0.00000000 0.00000000 0.00000000
18 0.9299649825 1.4792396198 0.0205445398 0.00000000 0.00000000 0.00000000
19 0.9334667334 1.4242121061 0.0201724377 0.00000000 0.00000000 0.00000000
20 0.9324662331 1.4172086043 0.0170820271 0.00000000 0.00000000 0.00000000
21 0.9364682341 1.6713356678 0.0270397581 0.00000000 0.00000000 0.00000000
22 0.9414707354 1.4572286143 0.0245935910 0.00000000 0.00000000 0.00000000
23 0.9434717359 1.3721860930 0.0231556675 0.00000000 0.00000000 0.00000000
24 0.9454727364 1.3911955978 0.0204110632 0.00000000 0.00000000 0.00000000
25 0.9429714857 1.4402201101 0.0206000367 0.00000000 0.00000000 0.00000000
26 0.9394697349 1.5852926463 0.0219493900 0.00000000 0.00000000 0.00000000
27 0.9424712356 1.4687343672 0.0196820048 0.00000000 0.00000000 0.00000000
28 0.9424712356 1.3916958479 0.0174732986 0.00000000 0.00000000 0.00000000
29 0.9439719860 1.4432216108 0.0213815025 0.00000000 0.00000000 0.00000000
30 0.8384192096 5.4637318659 0.1209481924 12.90000000 182.50000000 87.54000000
31 0.8589294647 2.2391195598 0.0289543858 4.24000000 178.36000000 86.70000000
32 0.8684342171 1.8124062031 0.0173840117 3.22000000 182.74000000 86.72000000
33 0.8699349675 1.7463731866 0.0152762865 2.86000000 183.02000000 88.02000000
34 0.8934467234 1.6608304152 0.0189594790 2.60000000 187.28000000 91.20000000
35 0.9074537269 1.4967483742 0.0174140653 3.08000000 197.34000000 95.20000000
36 0.9079539770 1.4157078539 0.0135821084 2.14000000 198.34000000 95.42000000
37 0.9174587294 1.4547273637 0.0181519303 2.70000000 200.20000000 96.18000000
38 0.9179589795 1.3316658329 0.0142029873 2.24000000 199.28000000 95.64000000
39 0.9209604802 1.3811905953 0.0150816925 2.14000000 201.60000000 97.54000000
40 0.9184592296 1.5747873937 0.0206035621 2.76000000 206.12000000 99.06000000
41 0.9174587294 1.5697848924 0.0212220968 2.88000000 200.06000000 100.76000000
42 0.9219609805 1.4502251126 0.0158151503 2.30000000 201.64000000 101.22000000
43 0.9364682341 1.4212106053 0.0231719097 2.50000000 213.92000000 116.42000000
44 0.9314657329 1.4717358679 0.0230745656 2.10000000 214.18000000 108.10000000
45 0.9379689845 1.3491745873 0.0213688169 1.96000000 214.76000000 105.28000000
46 0.9399699850 1.3056528264 0.0196874162 2.02000000 215.24000000 106.26000000
47 0.9409704852 1.4802401201 0.0257812031 2.70000000 220.04000000 107.20000000
48 0.9469734867 1.2721360680 0.0212387910 2.08000000 220.08000000 110.26000000
49 0.9474737369 1.6553276638 0.0343026733 2.84000000 223.32000000 110.50000000
50 0.9534767384 1.2686343172 0.0231345018 1.96000000 226.04000000 112.44000000
51 0.9514757379 1.2546273137 0.0222686843 1.84000000 227.58000000 114.42000000
52 0.9549774887 1.1110555278 0.0189719899 1.76000000 229.16000000 115.90000000
53 0.9584792396 1.1400700350 0.0227530990 1.80000000 231.20000000 116.76000000
54 0.9639819910 1.1190595298 0.0242102921 1.76000000 237.26000000 121.68000000
55 0.9634817409 0.9479739870 0.0180111346 1.44000000 238.18000000 121.88000000
56 0.9514757379 1.1245622811 0.0191015878 1.92000000 234.68000000 121.86000000
57 0.9524762381 0.8719359680 0.0110738453 1.28000000 236.30000000 121.54000000
58 0.9519759880 0.8429214607 0.0098086341 1.22000000 236.22000000 120.88000000
59 0.9539769885 0.8424212106 0.0109132955 1.18000000 236.18000000 120.88000000
access %, disaccess %
0.008544851456590712, 0.07992441084926634
