|M| = 15
make network |V|=2000 |E|=4000
                flare                          flare.re  
t, Accessible, ave_query, ave_time, TABLE_REQ
00 0.8429214607 5.3541770885 0.0582977363 0.00000000 0.8429214607 5.3541770885 0.0584405704 0.00000000
01 0.8714357179 2.1130565283 0.0127607604 0.00000000 0.8714357179 2.1130565283 0.0127761802 0.00000000
02 0.8799399700 1.7118559280 0.0069613068 0.00000000 0.8799399700 1.7118559280 0.0069889360 0.00000000
03 0.8844422211 1.6528264132 0.0061963412 0.00000000 0.8844422211 1.6528264132 0.0062144451 0.00000000
04 0.8899449725 1.7118559280 0.0081704656 0.00000000 0.8899449725 1.7118559280 0.0081974267 0.00000000
05 0.8924462231 1.4427213607 0.0048152217 0.00000000 0.8924462231 1.4427213607 0.0048283650 0.00000000
06 0.9029514757 1.7093546773 0.0095839385 0.00000000 0.9029514757 1.7093546773 0.0096081222 0.00000000
07 0.9009504752 1.6848424212 0.0078555205 0.00000000 0.9009504752 1.6848424212 0.0078617157 0.00000000
08 0.9034517259 1.5757878939 0.0065230278 0.00000000 0.9034517259 1.5757878939 0.0065357096 0.00000000
09 0.9014507254 1.7388694347 0.0071889696 0.00000000 0.9014507254 1.7388694347 0.0072094433 0.00000000
10 0.8999499750 1.9069534767 0.0091475833 0.00000000 0.8999499750 1.9069534767 0.0091747187 0.00000000
11 0.9019509755 1.8419209605 0.0084246996 0.00000000 0.9019509755 1.8419209605 0.0084439542 0.00000000
12 0.9059529765 1.7658829415 0.0087071212 0.00000000 0.9059529765 1.7658829415 0.0087167146 0.00000000
13 0.9064532266 1.7523761881 0.0087795504 0.00000000 0.9064532266 1.7523761881 0.0087974228 0.00000000
14 0.9159579790 1.7913956978 0.0117167468 0.00000000 0.9159579790 1.7913956978 0.0117199159 0.00000000
15 0.9214607304 1.5347673837 0.0075130572 0.00000000 0.9214607304 1.5347673837 0.0075307491 0.00000000
16 0.9214607304 1.5232616308 0.0076048443 0.00000000 0.9214607304 1.5232616308 0.0076165185 0.00000000
17 0.9269634817 1.4612306153 0.0079304970 0.00000000 0.9269634817 1.4612306153 0.0079604052 0.00000000
18 0.9284642321 1.4322161081 0.0076371061 0.00000000 0.9284642321 1.4322161081 0.0076534032 0.00000000
19 0.9269634817 1.4067033517 0.0071085202 0.00000000 0.9269634817 1.4067033517 0.0071223619 0.00000000
20 0.9314657329 1.4672336168 0.0084306787 0.00000000 0.9314657329 1.4672336168 0.0084490524 0.00000000
21 0.9254627314 1.6498249125 0.0091692582 0.00000000 0.9254627314 1.6498249125 0.0092062410 0.00000000
22 0.9349674837 1.4032016008 0.0080026912 0.00000000 0.9349674837 1.4032016008 0.0080134502 0.00000000
23 0.9424712356 1.3661830915 0.0080584080 0.00000000 0.9424712356 1.3661830915 0.0080743723 0.00000000
24 0.9554777389 1.2266133067 0.0096251656 0.00000000 0.9554777389 1.2266133067 0.0096302975 0.00000000
25 0.9544772386 1.0575287644 0.0069583537 0.00000000 0.9544772386 1.0575287644 0.0069955489 0.00000000
26 0.9564782391 1.1160580290 0.0076681357 0.00000000 0.9564782391 1.1160580290 0.0076980729 0.00000000
27 0.9569784892 1.0645322661 0.0066510484 0.00000000 0.9569784892 1.0645322661 0.0066820559 0.00000000
28 0.9514757379 1.1990995498 0.0073746069 0.00000000 0.9514757379 1.1990995498 0.0074229331 0.00000000
29 0.9514757379 1.0730365183 0.0057390813 0.00000000 0.9514757379 1.0730365183 0.0057559524 0.00000000
30 0.9569784892 1.0585292646 0.0062439110 1.80000000 0.9609804902 1.0075037519 0.0062726386 13.66666667
31 0.9579789895 1.1785892946 0.0087066461 1.53333333 0.9619809905 1.1400700350 0.0090511102 13.80000000
32 0.9554777389 1.0165082541 0.0054469434 1.86666667 0.9609804902 0.9809904952 0.0063441297 14.93333333
33 0.9559779890 1.0520260130 0.0061507831 1.20000000 0.9604802401 1.0040020010 0.0073733703 17.80000000
34 0.9559779890 1.3516758379 0.0109620198 2.26666667 0.9614807404 1.3256628314 0.0121396487 21.66666667
35 0.9544772386 1.1730865433 0.0074869481 1.20000000 0.9594797399 1.1240620310 0.0078440779 14.20000000
36 0.9579789895 1.0045022511 0.0059947841 1.26666667 0.9639819910 0.9584792396 0.0070850729 14.66666667
37 0.9604802401 0.9769884942 0.0060750020 0.86666667 0.9659829915 0.9454727364 0.0067152359 14.40000000
38 0.9604802401 0.9009504752 0.0048269547 0.66666667 0.9649824912 0.8704352176 0.0053043936 11.20000000
39 0.9644822411 0.8604302151 0.0050639838 0.53333333 0.9699849925 0.8214107054 0.0058353412 10.13333333
40 0.9619809905 0.8459229615 0.0044675156 0.33333333 0.9684842421 0.7923961981 0.0051000820 9.80000000
41 0.9644822411 0.9009504752 0.0059851877 0.53333333 0.9699849925 0.8514257129 0.0064676577 12.73333333
42 0.9639819910 1.2546273137 0.0110033752 1.06666667 0.9724862431 1.2431215608 0.0122097285 19.66666667
43 0.9659829915 0.9379689845 0.0062132218 1.40000000 0.9734867434 0.8829414707 0.0071518740 14.93333333
44 0.9674837419 0.8449224612 0.0050039615 0.66666667 0.9744872436 0.7963981991 0.0057278923 11.40000000
45 0.9674837419 0.8489244622 0.0053563366 0.73333333 0.9734867434 0.7908954477 0.0051187073 12.06666667
46 0.9684842421 0.9834917459 0.0068739588 1.13333333 0.9744872436 0.9369684842 0.0074128940 14.73333333
47 0.9709854927 0.9389694847 0.0063323717 0.86666667 0.9784892446 0.8899449725 0.0074101810 13.13333333
48 0.9724862431 0.9744872436 0.0063998591 1.66666667 0.9804902451 0.9224612306 0.0078640980 15.93333333
49 0.9749874937 0.9344672336 0.0066333778 1.20000000 0.9794897449 0.8734367184 0.0074265328 13.93333333
50 0.9759879940 1.0815407704 0.0093056970 1.13333333 0.9799899950 1.0640320160 0.0105157665 16.93333333
51 0.9749874937 1.2116058029 0.0115427527 1.40000000 0.9784892446 1.1560780390 0.0121382056 22.93333333
52 0.9754877439 1.0790395198 0.0093790334 0.93333333 0.9789894947 1.0100050025 0.0093694648 17.33333333
53 0.9754877439 1.1215607804 0.0111453940 0.86666667 0.9794897449 1.0570285143 0.0116854382 22.33333333
54 0.9734867434 1.2436218109 0.0112626344 1.66666667 0.9774887444 1.1425712856 0.0110482167 19.40000000
55 0.9759879940 1.0410205103 0.0079108051 1.20000000 0.9794897449 0.9484742371 0.0081243508 18.66666667
56 0.9754877439 0.9824912456 0.0069371424 1.26666667 0.9794897449 0.8699349675 0.0066574452 17.13333333
57 0.9739869935 1.0360180090 0.0075840019 1.46666667 0.9784892446 0.9284642321 0.0071069852 15.86666667
58 0.9674837419 1.2386193097 0.0099378467 1.46666667 0.9739869935 1.0955477739 0.0104194380 19.86666667
59 0.9674837419 1.1195597799 0.0078470257 1.53333333 0.9739869935 1.0030015008 0.0079387155 18.86666667
|M| = 20
make network |V|=2000 |E|=4000
                flare                          flare.re  
t, Accessible, ave_query, ave_time, TABLE_REQ
00 0.8429214607 5.3541770885 0.0590533590 0.00000000 0.8429214607 5.3541770885 0.0590850858 0.00000000
01 0.8714357179 2.1130565283 0.0128148374 0.00000000 0.8714357179 2.1130565283 0.0128214824 0.00000000
02 0.8799399700 1.7118559280 0.0070368299 0.00000000 0.8799399700 1.7118559280 0.0070771288 0.00000000
03 0.8844422211 1.6528264132 0.0062531125 0.00000000 0.8844422211 1.6528264132 0.0062766439 0.00000000
04 0.8899449725 1.7118559280 0.0082270129 0.00000000 0.8899449725 1.7118559280 0.0082493390 0.00000000
05 0.8924462231 1.4427213607 0.0048460558 0.00000000 0.8924462231 1.4427213607 0.0048590875 0.00000000
06 0.9029514757 1.7093546773 0.0096782093 0.00000000 0.9029514757 1.7093546773 0.0096980292 0.00000000
07 0.9009504752 1.6848424212 0.0078684603 0.00000000 0.9009504752 1.6848424212 0.0078868907 0.00000000
08 0.9034517259 1.5757878939 0.0065795613 0.00000000 0.9034517259 1.5757878939 0.0066102855 0.00000000
09 0.9014507254 1.7388694347 0.0072039377 0.00000000 0.9014507254 1.7388694347 0.0072275198 0.00000000
10 0.8999499750 1.9069534767 0.0092028402 0.00000000 0.8999499750 1.9069534767 0.0092131388 0.00000000
11 0.9019509755 1.8419209605 0.0084401407 0.00000000 0.9019509755 1.8419209605 0.0084731971 0.00000000
12 0.9059529765 1.7658829415 0.0087882671 0.00000000 0.9059529765 1.7658829415 0.0088182257 0.00000000
13 0.9064532266 1.7523761881 0.0087734399 0.00000000 0.9064532266 1.7523761881 0.0088163707 0.00000000
14 0.9159579790 1.7913956978 0.0117536244 0.00000000 0.9159579790 1.7913956978 0.0117924560 0.00000000
15 0.9214607304 1.5347673837 0.0075462352 0.00000000 0.9214607304 1.5347673837 0.0075777005 0.00000000
16 0.9214607304 1.5232616308 0.0076617741 0.00000000 0.9214607304 1.5232616308 0.0077147273 0.00000000
17 0.9269634817 1.4612306153 0.0079265349 0.00000000 0.9269634817 1.4612306153 0.0079555080 0.00000000
18 0.9284642321 1.4322161081 0.0076990687 0.00000000 0.9284642321 1.4322161081 0.0077326058 0.00000000
19 0.9269634817 1.4067033517 0.0071070653 0.00000000 0.9269634817 1.4067033517 0.0071349712 0.00000000
20 0.9314657329 1.4672336168 0.0084299522 0.00000000 0.9314657329 1.4672336168 0.0084425994 0.00000000
21 0.9254627314 1.6498249125 0.0091508545 0.00000000 0.9254627314 1.6498249125 0.0091701500 0.00000000
22 0.9349674837 1.4032016008 0.0080609131 0.00000000 0.9349674837 1.4032016008 0.0080940628 0.00000000
23 0.9424712356 1.3661830915 0.0079977336 0.00000000 0.9424712356 1.3661830915 0.0080333999 0.00000000
24 0.9554777389 1.2266133067 0.0095777960 0.00000000 0.9554777389 1.2266133067 0.0096126481 0.00000000
25 0.9544772386 1.0575287644 0.0069788153 0.00000000 0.9544772386 1.0575287644 0.0069954648 0.00000000
26 0.9564782391 1.1160580290 0.0077091664 0.00000000 0.9564782391 1.1160580290 0.0077185673 0.00000000
27 0.9569784892 1.0645322661 0.0065922689 0.00000000 0.9569784892 1.0645322661 0.0066360648 0.00000000
28 0.9514757379 1.1990995498 0.0073954409 0.00000000 0.9514757379 1.1990995498 0.0074134163 0.00000000
29 0.9514757379 1.0730365183 0.0057769787 0.00000000 0.9514757379 1.0730365183 0.0058011778 0.00000000
30 0.9574787394 1.0540270135 0.0064618684 1.75000000 0.9629814907 0.9754877439 0.0063938409 13.10000000
31 0.9579789895 1.1690845423 0.0087298497 1.45000000 0.9639819910 1.1170585293 0.0097665396 15.30000000
32 0.9564782391 1.0155077539 0.0057261551 1.80000000 0.9629814907 0.9639819910 0.0072966705 15.00000000
33 0.9569784892 1.0405202601 0.0062638599 1.20000000 0.9639819910 0.9579789895 0.0075611560 14.90000000
34 0.9564782391 1.3226613307 0.0107044249 1.75000000 0.9634817409 1.2856428214 0.0124900825 19.50000000
35 0.9549774887 1.1655827914 0.0076197296 1.25000000 0.9639819910 1.0965482741 0.0094608837 15.40000000
36 0.9589794897 0.9919959980 0.0061204086 1.25000000 0.9669834917 0.9214607304 0.0077682312 13.80000000
37 0.9614807404 0.9534767384 0.0060214359 0.70000000 0.9689844922 0.9064532266 0.0072911729 12.95000000
38 0.9614807404 0.8789394697 0.0047844178 0.55000000 0.9694847424 0.8264132066 0.0061531087 10.20000000
39 0.9654827414 0.8384192096 0.0050131518 0.40000000 0.9729864932 0.7813906953 0.0062247967 8.85000000
40 0.9634817409 0.8169084542 0.0043655452 0.30000000 0.9714857429 0.7518759380 0.0053983357 9.15000000
41 0.9649824912 0.8734367184 0.0056416626 0.45000000 0.9724862431 0.8144072036 0.0065647216 11.35000000
42 0.9649824912 1.2421210605 0.0111296331 0.90000000 0.9739869935 1.2131065533 0.0123966896 17.20000000
43 0.9664832416 0.9204602301 0.0060391322 1.20000000 0.9749874937 0.8524262131 0.0072537571 13.20000000
44 0.9679839920 0.8339169585 0.0049893899 0.55000000 0.9759879940 0.7678839420 0.0059561679 10.80000000
45 0.9679839920 0.8379189595 0.0053574922 0.60000000 0.9754877439 0.7553776888 0.0057149147 11.00000000
46 0.9684842421 0.9884942471 0.0071924611 1.10000000 0.9759879940 0.9244622311 0.0080915118 14.40000000
47 0.9709854927 0.9394697349 0.0063638285 0.75000000 0.9784892446 0.8659329665 0.0077289834 12.40000000
48 0.9724862431 0.9664832416 0.0062211543 1.15000000 0.9809904952 0.8844422211 0.0083652372 14.75000000
49 0.9744872436 0.9389694847 0.0066673776 0.95000000 0.9804902451 0.8449224612 0.0079190658 13.10000000
50 0.9754877439 1.0875437719 0.0093040550 0.90000000 0.9794897449 1.0385192596 0.0107154726 15.55000000
51 0.9739869935 1.2191095548 0.0114578041 1.25000000 0.9794897449 1.1310655328 0.0124246450 20.65000000
52 0.9744872436 1.0880440220 0.0094622183 0.80000000 0.9799899950 0.9899949975 0.0096461172 16.05000000
53 0.9749874937 1.1210605303 0.0109810185 0.90000000 0.9789894947 1.0550275138 0.0117773980 20.40000000
54 0.9729864932 1.2581290645 0.0115786285 1.55000000 0.9779889945 1.1355677839 0.0115018174 18.40000000
55 0.9749874937 1.0385192596 0.0077706990 1.15000000 0.9799899950 0.9319659830 0.0078911106 16.55000000
56 0.9739869935 0.9839919960 0.0067342123 1.20000000 0.9804902451 0.8504252126 0.0066195905 15.35000000
57 0.9724862431 1.0220110055 0.0072159557 1.35000000 0.9789894947 0.9084542271 0.0071825659 14.00000000
58 0.9644822411 1.2131065533 0.0093232364 1.30000000 0.9724862431 1.0920460230 0.0102664907 16.25000000
59 0.9644822411 1.1290645323 0.0078570795 1.40000000 0.9739869935 1.0200100050 0.0088106569 16.35000000
|M| = 25
make network |V|=2000 |E|=4000
                flare                          flare.re  
t, Accessible, ave_query, ave_time, TABLE_REQ
00 0.8429214607 5.3541770885 0.0589836149 0.00000000 0.8429214607 5.3541770885 0.0590061596 0.00000000
01 0.8714357179 2.1130565283 0.0128802701 0.00000000 0.8714357179 2.1130565283 0.0129253396 0.00000000
02 0.8799399700 1.7118559280 0.0070715222 0.00000000 0.8799399700 1.7118559280 0.0070861284 0.00000000
03 0.8844422211 1.6528264132 0.0062495576 0.00000000 0.8844422211 1.6528264132 0.0062877140 0.00000000
04 0.8899449725 1.7118559280 0.0082707019 0.00000000 0.8899449725 1.7118559280 0.0082994070 0.00000000
05 0.8924462231 1.4427213607 0.0048242808 0.00000000 0.8924462231 1.4427213607 0.0048486424 0.00000000
06 0.9029514757 1.7093546773 0.0096262868 0.00000000 0.9029514757 1.7093546773 0.0096510733 0.00000000
07 0.9009504752 1.6848424212 0.0078697075 0.00000000 0.9009504752 1.6848424212 0.0078942925 0.00000000
08 0.9034517259 1.5757878939 0.0065836143 0.00000000 0.9034517259 1.5757878939 0.0066114809 0.00000000
09 0.9014507254 1.7388694347 0.0071800597 0.00000000 0.9014507254 1.7388694347 0.0072088447 0.00000000
10 0.8999499750 1.9069534767 0.0092254187 0.00000000 0.8999499750 1.9069534767 0.0092501355 0.00000000
11 0.9019509755 1.8419209605 0.0085124142 0.00000000 0.9019509755 1.8419209605 0.0085334932 0.00000000
12 0.9059529765 1.7658829415 0.0087718060 0.00000000 0.9059529765 1.7658829415 0.0088119973 0.00000000
13 0.9064532266 1.7523761881 0.0088415758 0.00000000 0.9064532266 1.7523761881 0.0088838443 0.00000000
14 0.9159579790 1.7913956978 0.0117872438 0.00000000 0.9159579790 1.7913956978 0.0118135472 0.00000000
15 0.9214607304 1.5347673837 0.0075550819 0.00000000 0.9214607304 1.5347673837 0.0075669463 0.00000000
16 0.9214607304 1.5232616308 0.0076765543 0.00000000 0.9214607304 1.5232616308 0.0076832501 0.00000000
17 0.9269634817 1.4612306153 0.0079593101 0.00000000 0.9269634817 1.4612306153 0.0079709705 0.00000000
18 0.9284642321 1.4322161081 0.0077022387 0.00000000 0.9284642321 1.4322161081 0.0077533409 0.00000000
19 0.9269634817 1.4067033517 0.0071144093 0.00000000 0.9269634817 1.4067033517 0.0071329992 0.00000000
20 0.9314657329 1.4672336168 0.0085926602 0.00000000 0.9314657329 1.4672336168 0.0086357690 0.00000000
21 0.9254627314 1.6498249125 0.0091514723 0.00000000 0.9254627314 1.6498249125 0.0091828049 0.00000000
22 0.9349674837 1.4032016008 0.0080099207 0.00000000 0.9349674837 1.4032016008 0.0080343695 0.00000000
23 0.9424712356 1.3661830915 0.0080569316 0.00000000 0.9424712356 1.3661830915 0.0080626119 0.00000000
24 0.9554777389 1.2266133067 0.0096207406 0.00000000 0.9554777389 1.2266133067 0.0096753060 0.00000000
25 0.9544772386 1.0575287644 0.0069962875 0.00000000 0.9544772386 1.0575287644 0.0070078625 0.00000000
26 0.9564782391 1.1160580290 0.0076797100 0.00000000 0.9564782391 1.1160580290 0.0077009231 0.00000000
27 0.9569784892 1.0645322661 0.0065962413 0.00000000 0.9569784892 1.0645322661 0.0066416052 0.00000000
28 0.9514757379 1.1990995498 0.0074174232 0.00000000 0.9514757379 1.1990995498 0.0074570874 0.00000000
29 0.9514757379 1.0730365183 0.0057812428 0.00000000 0.9514757379 1.0730365183 0.0057917866 0.00000000
30 0.9574787394 1.0520260130 0.0064270769 1.68000000 0.9634817409 0.9619809905 0.0064799928 12.12000000
31 0.9579789895 1.1665832916 0.0087381509 1.36000000 0.9644822411 1.1110555278 0.0102840153 14.88000000
32 0.9564782391 1.0155077539 0.0057740350 1.60000000 0.9629814907 0.9519759880 0.0071737020 13.44000000
33 0.9559779890 1.0645322661 0.0065255034 1.36000000 0.9649824912 0.9409704852 0.0074037116 13.76000000
34 0.9564782391 1.3236618309 0.0106963992 1.84000000 0.9639819910 1.2736368184 0.0126576409 17.68000000
35 0.9549774887 1.1595797899 0.0075567415 1.08000000 0.9639819910 1.0825412706 0.0091543522 13.28000000
36 0.9589794897 0.9884942471 0.0061063025 1.00000000 0.9679839920 0.9079539770 0.0079274525 12.44000000
37 0.9614807404 0.9464732366 0.0059432954 0.64000000 0.9689844922 0.8919459730 0.0072986976 11.48000000
38 0.9614807404 0.8734367184 0.0047786590 0.56000000 0.9699849925 0.8119059530 0.0061410857 9.96000000
39 0.9654827414 0.8324162081 0.0048947658 0.40000000 0.9729864932 0.7668834417 0.0062282806 8.72000000
40 0.9634817409 0.8169084542 0.0043716920 0.28000000 0.9724862431 0.7388694347 0.0055603623 8.72000000
41 0.9649824912 0.8734367184 0.0055956003 0.40000000 0.9734867434 0.8029014507 0.0067978880 10.40000000
42 0.9649824912 1.2341170585 0.0109457476 0.80000000 0.9739869935 1.1965982991 0.0125504370 16.28000000
43 0.9664832416 0.9259629815 0.0060827188 1.04000000 0.9754877439 0.8489244622 0.0078904301 12.00000000
44 0.9679839920 0.8394197099 0.0050188975 0.48000000 0.9764882441 0.7628814407 0.0064562467 9.92000000
45 0.9679839920 0.8379189595 0.0052919177 0.52000000 0.9754877439 0.7533766883 0.0060169508 9.96000000
46 0.9684842421 0.9884942471 0.0071812374 0.92000000 0.9759879940 0.9264632316 0.0089370981 14.20000000
47 0.9709854927 0.9514757379 0.0061580098 0.68000000 0.9799899950 0.8624312156 0.0083558191 11.68000000
48 0.9724862431 0.9839919960 0.0063062000 1.12000000 0.9814907454 0.8824412206 0.0087940036 13.20000000
49 0.9744872436 0.9599799900 0.0068820744 1.08000000 0.9799899950 0.8704352176 0.0088623590 12.88000000
50 0.9754877439 1.0995497749 0.0094037583 0.88000000 0.9799899950 1.0510255128 0.0123682567 14.56000000
51 0.9739869935 1.2301150575 0.0116201908 1.20000000 0.9799899950 1.1430715358 0.0137689606 19.68000000
52 0.9744872436 1.1075537769 0.0096557000 0.92000000 0.9799899950 1.0215107554 0.0108119503 16.12000000
53 0.9744872436 1.1405702851 0.0110921828 0.96000000 0.9799899950 1.0745372686 0.0130595446 19.08000000
54 0.9734867434 1.2671335668 0.0115005427 1.36000000 0.9779889945 1.1420710355 0.0119916157 16.88000000
55 0.9754877439 1.0710355178 0.0085037290 1.12000000 0.9809904952 0.9619809905 0.0090166004 14.84000000
56 0.9754877439 1.0125062531 0.0075569018 1.20000000 0.9809904952 0.8834417209 0.0077134070 13.52000000
57 0.9744872436 1.0475237619 0.0080008619 1.28000000 0.9814907454 0.9194597299 0.0080808206 12.92000000
58 0.9679839920 1.2466233117 0.0101645859 1.24000000 0.9739869935 1.1280640320 0.0110935213 15.72000000
59 0.9679839920 1.1430715358 0.0084563078 1.32000000 0.9754877439 1.0435217609 0.0094482893 14.92000000
|M| = 30
make network |V|=2000 |E|=4000
                flare                          flare.re  
t, Accessible, ave_query, ave_time, TABLE_REQ
00 0.8429214607 5.3541770885 0.0594073669 0.00000000 0.8429214607 5.3541770885 0.0594376766 0.00000000
01 0.8714357179 2.1130565283 0.0129377466 0.00000000 0.8714357179 2.1130565283 0.0129673774 0.00000000
02 0.8799399700 1.7118559280 0.0070852166 0.00000000 0.8799399700 1.7118559280 0.0070995284 0.00000000
03 0.8844422211 1.6528264132 0.0062927365 0.00000000 0.8844422211 1.6528264132 0.0063164008 0.00000000
04 0.8899449725 1.7118559280 0.0083088880 0.00000000 0.8899449725 1.7118559280 0.0083290173 0.00000000
05 0.8924462231 1.4427213607 0.0048907591 0.00000000 0.8924462231 1.4427213607 0.0049211736 0.00000000
06 0.9029514757 1.7093546773 0.0096511655 0.00000000 0.9029514757 1.7093546773 0.0096887483 0.00000000
07 0.9009504752 1.6848424212 0.0078925791 0.00000000 0.9009504752 1.6848424212 0.0079414177 0.00000000
08 0.9034517259 1.5757878939 0.0066054959 0.00000000 0.9034517259 1.5757878939 0.0066305098 0.00000000
09 0.9014507254 1.7388694347 0.0073637646 0.00000000 0.9014507254 1.7388694347 0.0074171579 0.00000000
10 0.8999499750 1.9069534767 0.0096734419 0.00000000 0.8999499750 1.9069534767 0.0097462161 0.00000000
11 0.9019509755 1.8419209605 0.0084848403 0.00000000 0.9019509755 1.8419209605 0.0084905566 0.00000000
12 0.9059529765 1.7658829415 0.0088078716 0.00000000 0.9059529765 1.7658829415 0.0088184405 0.00000000
13 0.9064532266 1.7523761881 0.0088449539 0.00000000 0.9064532266 1.7523761881 0.0088877565 0.00000000
14 0.9159579790 1.7913956978 0.0117860935 0.00000000 0.9159579790 1.7913956978 0.0118268561 0.00000000
15 0.9214607304 1.5347673837 0.0075771649 0.00000000 0.9214607304 1.5347673837 0.0076134316 0.00000000
16 0.9214607304 1.5232616308 0.0076791824 0.00000000 0.9214607304 1.5232616308 0.0077054362 0.00000000
17 0.9269634817 1.4612306153 0.0080084420 0.00000000 0.9269634817 1.4612306153 0.0080543316 0.00000000
18 0.9284642321 1.4322161081 0.0077281980 0.00000000 0.9284642321 1.4322161081 0.0077367560 0.00000000
19 0.9269634817 1.4067033517 0.0071085006 0.00000000 0.9269634817 1.4067033517 0.0071401273 0.00000000
20 0.9314657329 1.4672336168 0.0084327986 0.00000000 0.9314657329 1.4672336168 0.0084839047 0.00000000
21 0.9254627314 1.6498249125 0.0091834978 0.00000000 0.9254627314 1.6498249125 0.0092225124 0.00000000
22 0.9349674837 1.4032016008 0.0080360369 0.00000000 0.9349674837 1.4032016008 0.0080640955 0.00000000
23 0.9424712356 1.3661830915 0.0080438233 0.00000000 0.9424712356 1.3661830915 0.0080853503 0.00000000
24 0.9554777389 1.2266133067 0.0096066054 0.00000000 0.9554777389 1.2266133067 0.0096268519 0.00000000
25 0.9544772386 1.0575287644 0.0069568269 0.00000000 0.9544772386 1.0575287644 0.0069856069 0.00000000
26 0.9564782391 1.1160580290 0.0076717488 0.00000000 0.9564782391 1.1160580290 0.0077087626 0.00000000
27 0.9569784892 1.0645322661 0.0066097940 0.00000000 0.9569784892 1.0645322661 0.0066574755 0.00000000
28 0.9514757379 1.1990995498 0.0074435919 0.00000000 0.9514757379 1.1990995498 0.0074756525 0.00000000
29 0.9514757379 1.0730365183 0.0059254871 0.00000000 0.9514757379 1.0730365183 0.0059337553 0.00000000
30 0.9574787394 1.0455227614 0.0063225159 1.56666667 0.9664832416 0.9204602301 0.0076547190 10.93333333
31 0.9584792396 1.1510755378 0.0085886362 1.50000000 0.9669834917 1.0205102551 0.0122970590 16.73333333
32 0.9574787394 1.0065032516 0.0057391547 1.63333333 0.9684842421 0.8989494747 0.0082761863 11.83333333
33 0.9579789895 1.0335167584 0.0066961912 1.36666667 0.9714857429 0.8839419710 0.0087247448 11.93333333
34 0.9569784892 1.2996498249 0.0106944947 1.90000000 0.9689844922 1.1715857929 0.0153228583 18.93333333
35 0.9559779890 1.1525762881 0.0076870110 1.00000000 0.9669834917 1.0380190095 0.0100339831 11.76666667
36 0.9604802401 0.9919959980 0.0067028823 1.03333333 0.9704852426 0.8929464732 0.0089112496 11.10000000
37 0.9629814907 0.9174587294 0.0054569761 0.63333333 0.9719859930 0.8444222111 0.0074577280 10.06666667
38 0.9619809905 0.8519259630 0.0046701058 0.56666667 0.9744872436 0.7493746873 0.0066688237 8.86666667
39 0.9674837419 0.8014007004 0.0050937760 0.40000000 0.9769884942 0.6943471736 0.0066061510 7.63333333
40 0.9649824912 0.7888944472 0.0043665229 0.30000000 0.9769884942 0.6683341671 0.0060950783 7.16666667
41 0.9664832416 0.8604302151 0.0057979804 0.50000000 0.9774887444 0.7383691846 0.0074415678 8.73333333
42 0.9669834917 1.2561280640 0.0120131125 1.13333333 0.9784892446 1.1550775388 0.0142851671 14.73333333
43 0.9684842421 0.9239619810 0.0065266539 1.16666667 0.9794897449 0.8079039520 0.0088143377 10.50000000
44 0.9704852426 0.8459229615 0.0056609649 0.60000000 0.9804902451 0.7263631816 0.0076775186 8.53333333
45 0.9709854927 0.8059029515 0.0054758042 0.50000000 0.9804902451 0.6883441721 0.0070514232 8.46666667
46 0.9714857429 0.9799899950 0.0076252009 0.96666667 0.9804902451 0.8874437219 0.0098383701 12.56666667
47 0.9734867434 0.9499749875 0.0067446840 0.86666667 0.9829914957 0.8449224612 0.0086161419 10.80000000
48 0.9749874937 0.9814907454 0.0069636292 1.20000000 0.9839919960 0.8414207104 0.0093891624 11.36666667
49 0.9769884942 0.9639819910 0.0072662091 1.13333333 0.9824912456 0.8494247124 0.0093044474 11.43333333
50 0.9779889945 1.0930465233 0.0097490744 0.93333333 0.9824912456 1.0175087544 0.0124566176 12.53333333
51 0.9769884942 1.2266133067 0.0124748073 1.73333333 0.9804902451 1.0525262631 0.0165143545 21.80000000
52 0.9769884942 1.1250625313 0.0109732704 1.56666667 0.9804902451 0.9659829915 0.0142229317 18.83333333
53 0.9764882441 1.1495747874 0.0117005395 1.20000000 0.9824912456 1.0540270135 0.0138758041 16.10000000
54 0.9744872436 1.2861430715 0.0120086875 1.73333333 0.9804902451 1.1475737869 0.0129194211 15.23333333
55 0.9769884942 1.0790395198 0.0085204785 1.40000000 0.9829914957 0.9534767384 0.0095147191 12.76666667
56 0.9769884942 0.9979989995 0.0073989604 1.46666667 0.9834917459 0.8789394697 0.0082439117 11.56666667
57 0.9764882441 1.0645322661 0.0082713911 1.53333333 0.9829914957 0.9274637319 0.0088215279 11.60000000
58 0.9689844922 1.1980990495 0.0093074862 1.60000000 0.9744872436 1.0820410205 0.0115767502 13.13333333
59 0.9689844922 1.1130565283 0.0082090821 1.73333333 0.9764882441 0.9894947474 0.0097521046 12.76666667
