|M| = 15
make network |V|=2000 |E|=4000
                flare                          flare.re  
t, Accessible, ave_query, ave_time, TABLE_REQ
00 0.8358358358 5.2342342342 0.1317648017 0.00000000
01 0.8718718719 1.9449449449 0.0232519096 0.00000000
02 0.8778778779 1.7227227227 0.0188206813 0.00000000
03 0.8768768769 1.9569569570 0.0235168239 0.00000000
04 0.8838838839 1.7877877878 0.0188225786 0.00000000
05 0.8888888889 1.7687687688 0.0224928648 0.00000000
06 0.8958958959 1.5085085085 0.0136392019 0.00000000
07 0.9029029029 1.4974974975 0.0158044418 0.00000000
08 0.9049049049 1.4804804805 0.0145457378 0.00000000
09 0.9069069069 1.5025025025 0.0185045342 0.00000000
10 0.9159159159 1.3273273273 0.0160422003 0.00000000
11 0.9079079079 1.7577577578 0.0262048722 0.00000000
12 0.9169169169 1.3863863864 0.0165104148 0.00000000
13 0.9179179179 1.7277277277 0.0241231503 0.00000000
14 0.9249249249 1.4674674675 0.0216136991 0.00000000
15 0.9289289289 1.5355355355 0.0191566815 0.00000000
16 0.9319319319 1.5835835836 0.0234209396 0.00000000
17 0.9189189189 1.7117117117 0.0239854966 0.00000000
18 0.9209209209 1.6236236236 0.0203763689 0.00000000
19 0.9199199199 1.6216216216 0.0232659525 0.00000000
20 0.9339339339 1.3373373373 0.0220665178 0.00000000
21 0.9239239239 1.7607607608 0.0468210036 0.00000000
22 0.9239239239 1.3713713714 0.0182343832 0.00000000
23 0.9269269269 1.3573573574 0.0168470408 0.00000000
24 0.9339339339 1.4364364364 0.0227776796 0.00000000
25 0.9389389389 1.2972972973 0.0180170178 0.00000000
26 0.9479479479 1.1171171171 0.0173638819 0.00000000
27 0.9479479479 1.1171171171 0.0183517033 0.00000000
28 0.9469469469 1.0650650651 0.0166301470 0.00000000
29 0.9479479479 1.0700700701 0.0183929664 0.00000000
30 0.9649649650 0.9769769770 0.0262849245 16.33333333
31 0.9589589590 0.9189189189 0.0192062731 10.66666667
32 0.9619619620 0.8398398398 0.0164878910 9.26666667
33 0.9619619620 0.9869869870 0.0234968354 10.86666667
34 0.9649649650 0.7407407407 0.0120243019 8.33333333
35 0.9689689690 1.2202202202 0.0339448252 15.80000000
36 0.9689689690 0.7307307307 0.0101961777 7.33333333
37 0.9689689690 0.7927927928 0.0124249983 8.66666667
38 0.9739739740 0.8898898899 0.0213692573 12.13333333
39 0.9759759760 0.8288288288 0.0182516930 13.53333333
40 0.9739739740 0.7237237237 0.0120808687 8.53333333
41 0.9759759760 0.7207207207 0.0140951541 9.66666667
42 0.9689689690 0.7597597598 0.0113447794 7.80000000
43 0.9709709710 0.8198198198 0.0147055589 9.00000000
44 0.9749749750 0.7127127127 0.0118423176 8.13333333
45 0.9749749750 0.6806806807 0.0091948531 7.60000000
46 0.9759759760 0.7017017017 0.0113190614 8.33333333
47 0.9749749750 0.8128128128 0.0229239118 10.86666667
48 0.9769769770 0.6286286286 0.0084195839 6.73333333
49 0.9749749750 0.6186186186 0.0088687439 6.60000000
50 0.9729729730 0.5955955956 0.0066204890 6.26666667
51 0.9719719720 0.7227227227 0.0117910230 7.46666667
52 0.9719719720 0.6426426426 0.0080969396 7.86666667
53 0.9719719720 0.6876876877 0.0090687905 7.33333333
54 0.9719719720 0.8448448448 0.0137896173 10.00000000
55 0.9679679680 0.7277277277 0.0091011374 7.80000000
56 0.9669669670 0.7527527528 0.0088584850 8.06666667
57 0.9699699700 0.8198198198 0.0161263597 10.00000000
58 0.9709709710 0.7527527528 0.0104689028 8.33333333
59 0.9679679680 0.9129129129 0.0216649364 14.40000000
group member
224 237 246 222 217 239 213 231 216 223 244 241 214 219 215 
|M| = 20
make network |V|=2000 |E|=4000
                flare                          flare.re  
t, Accessible, ave_query, ave_time, TABLE_REQ
00 0.8358358358 5.2342342342 0.1491026797 0.00000000
01 0.8718718719 1.9449449449 0.0253122831 0.00000000
02 0.8778778779 1.7227227227 0.0205145990 0.00000000
03 0.8768768769 1.9569569570 0.0250019559 0.00000000
04 0.8838838839 1.7877877878 0.0209919220 0.00000000
05 0.8888888889 1.7687687688 0.0224653321 0.00000000
06 0.8958958959 1.5085085085 0.0148156849 0.00000000
07 0.9029029029 1.4974974975 0.0168446478 0.00000000
08 0.9049049049 1.4804804805 0.0157378095 0.00000000
09 0.9069069069 1.5025025025 0.0201635380 0.00000000
10 0.9159159159 1.3273273273 0.0175168860 0.00000000
11 0.9079079079 1.7577577578 0.0287862569 0.00000000
12 0.9169169169 1.3863863864 0.0176120038 0.00000000
13 0.9179179179 1.7277277277 0.0258315454 0.00000000
14 0.9249249249 1.4674674675 0.0211343956 0.00000000
15 0.9289289289 1.5355355355 0.0195490333 0.00000000
16 0.9319319319 1.5835835836 0.0240837661 0.00000000
17 0.9189189189 1.7117117117 0.0224047301 0.00000000
18 0.9209209209 1.6236236236 0.0194730441 0.00000000
19 0.9199199199 1.6216216216 0.0228792950 0.00000000
20 0.9339339339 1.3373373373 0.0173214666 0.00000000
21 0.9239239239 1.7607607608 0.0252151057 0.00000000
22 0.9239239239 1.3713713714 0.0157256907 0.00000000
23 0.9269269269 1.3573573574 0.0141554845 0.00000000
24 0.9339339339 1.4364364364 0.0193236196 0.00000000
25 0.9389389389 1.2972972973 0.0152004725 0.00000000
26 0.9479479479 1.1171171171 0.0147010874 0.00000000
27 0.9479479479 1.1171171171 0.0154950223 0.00000000
28 0.9469469469 1.0650650651 0.0141394425 0.00000000
29 0.9479479479 1.0700700701 0.0155556300 0.00000000
30 0.9659659660 0.9199199199 0.0242996502 14.75000000
31 0.9589589590 0.8188188188 0.0146548698 9.50000000
32 0.9609609610 0.7827827828 0.0141126236 8.80000000
33 0.9589589590 0.9309309309 0.0176352397 9.75000000
34 0.9609609610 0.7727727728 0.0116359646 8.55000000
35 0.9639639640 1.2102102102 0.0288310194 13.75000000
36 0.9639639640 0.7467467467 0.0097197281 7.35000000
37 0.9629629630 0.7857857858 0.0106397880 8.30000000
38 0.9679679680 0.9339339339 0.0200585247 11.75000000
39 0.9729729730 0.8058058058 0.0150483530 11.35000000
40 0.9719719720 0.7277277277 0.0106051863 8.50000000
41 0.9749749750 0.7187187187 0.0131497452 9.35000000
42 0.9679679680 0.7397397397 0.0094143075 7.75000000
43 0.9709709710 0.8198198198 0.0140739423 9.05000000
44 0.9729729730 0.6886886887 0.0088188629 7.90000000
45 0.9739739740 0.6796796797 0.0085182765 7.50000000
46 0.9759759760 0.6776776777 0.0105874009 8.15000000
47 0.9749749750 0.8108108108 0.0184319487 10.20000000
48 0.9759759760 0.6336336336 0.0082889302 6.65000000
49 0.9739739740 0.6356356356 0.0077353075 6.45000000
50 0.9719719720 0.6216216216 0.0080832294 6.75000000
51 0.9699699700 0.7407407407 0.0113536665 8.25000000
52 0.9689689690 0.6446446446 0.0079071634 7.40000000
53 0.9679679680 0.7097097097 0.0086396101 7.75000000
54 0.9679679680 0.8978978979 0.0152980876 10.45000000
55 0.9639639640 0.7567567568 0.0095946538 8.50000000
56 0.9629629630 0.7977977978 0.0098699764 8.55000000
57 0.9639639640 0.8468468468 0.0135123913 9.90000000
58 0.9639639640 0.8358358358 0.0102017153 8.85000000
59 0.9629629630 0.9629629630 0.0187914505 13.65000000
group member
224 267 222 249 239 248 213 231 223 244 214 215 237 246 217 216 241 242 219 257 
|M| = 25
make network |V|=2000 |E|=4000
                flare                          flare.re  
t, Accessible, ave_query, ave_time, TABLE_REQ
00 0.8358358358 5.2342342342 0.1261227026 0.00000000
01 0.8718718719 1.9449449449 0.0219731916 0.00000000
02 0.8778778779 1.7227227227 0.0179650597 0.00000000
03 0.8768768769 1.9569569570 0.0217257544 0.00000000
04 0.8838838839 1.7877877878 0.0178756623 0.00000000
05 0.8888888889 1.7687687688 0.0197094379 0.00000000
06 0.8958958959 1.5085085085 0.0126398982 0.00000000
07 0.9029029029 1.4974974975 0.0145029003 0.00000000
08 0.9049049049 1.4804804805 0.0136091363 0.00000000
09 0.9069069069 1.5025025025 0.0173718182 0.00000000
10 0.9159159159 1.3273273273 0.0151534009 0.00000000
11 0.9079079079 1.7577577578 0.0248212676 0.00000000
12 0.9169169169 1.3863863864 0.0151368448 0.00000000
13 0.9179179179 1.7277277277 0.0219696797 0.00000000
14 0.9249249249 1.4674674675 0.0178299115 0.00000000
15 0.9289289289 1.5355355355 0.0165339936 0.00000000
16 0.9319319319 1.5835835836 0.0204287952 0.00000000
17 0.9189189189 1.7117117117 0.0190753264 0.00000000
18 0.9209209209 1.6236236236 0.0164548422 0.00000000
19 0.9199199199 1.6216216216 0.0177153727 0.00000000
20 0.9339339339 1.3373373373 0.0169468575 0.00000000
21 0.9239239239 1.7607607608 0.0252938667 0.00000000
22 0.9239239239 1.3713713714 0.0158182183 0.00000000
23 0.9269269269 1.3573573574 0.0140856424 0.00000000
24 0.9339339339 1.4364364364 0.0192970965 0.00000000
25 0.9389389389 1.2972972973 0.0153507201 0.00000000
26 0.9479479479 1.1171171171 0.0148097559 0.00000000
27 0.9479479479 1.1171171171 0.0155546355 0.00000000
28 0.9469469469 1.0650650651 0.0141200370 0.00000000
29 0.9479479479 1.0700700701 0.0156235960 0.00000000
30 0.9629629630 0.9379379379 0.0227320855 12.00000000
31 0.9569569570 0.8608608609 0.0158419728 8.56000000
32 0.9589589590 0.8108108108 0.0149680843 7.72000000
33 0.9549549550 0.9769769770 0.0169270991 8.68000000
34 0.9579579580 0.8428428428 0.0132723034 7.92000000
35 0.9609609610 1.3063063063 0.0309402511 13.20000000
36 0.9609609610 0.8338338338 0.0104979920 7.24000000
37 0.9599599600 0.8658658659 0.0118800293 8.16000000
38 0.9639639640 0.9649649650 0.0200036863 9.92000000
39 0.9699699700 0.8198198198 0.0160563551 9.88000000
40 0.9689689690 0.7087087087 0.0105618194 6.88000000
41 0.9719719720 0.6956956957 0.0129193527 7.56000000
42 0.9659659660 0.7007007007 0.0086457935 6.44000000
43 0.9689689690 0.7847847848 0.0138269958 7.68000000
44 0.9719719720 0.6526526527 0.0094210211 6.56000000
45 0.9729729730 0.6136136136 0.0073462638 5.76000000
46 0.9739739740 0.6416416416 0.0091901095 6.40000000
47 0.9739739740 0.8178178178 0.0192497574 9.28000000
48 0.9739739740 0.6296296296 0.0097113703 6.12000000
49 0.9719719720 0.6366366366 0.0095851701 5.76000000
50 0.9689689690 0.6506506507 0.0099797569 6.32000000
51 0.9679679680 0.7737737738 0.0143348958 7.60000000
52 0.9659659660 0.6866866867 0.0108855210 7.20000000
53 0.9659659660 0.7827827828 0.0134051533 8.20000000
54 0.9639639640 0.9239239239 0.0186169801 9.48000000
55 0.9599599600 0.7417417417 0.0075980996 6.72000000
56 0.9599599600 0.8048048048 0.0090485789 7.28000000
57 0.9609609610 0.8448448448 0.0122309111 8.40000000
58 0.9599599600 0.8578578579 0.0100174506 7.56000000
59 0.9589589590 0.9769769770 0.0192430719 11.36000000
group member
224 267 222 249 239 248 213 245 231 223 250 244 214 256 254 247 215 237 246 217 216 241 242 219 257 
|M| = 30
make network |V|=2000 |E|=4000
                flare                          flare.re  
t, Accessible, ave_query, ave_time, TABLE_REQ
00 0.8358358358 5.2342342342 0.1265846530 0.00000000
01 0.8718718719 1.9449449449 0.0220413413 0.00000000
02 0.8778778779 1.7227227227 0.0178565934 0.00000000
03 0.8768768769 1.9569569570 0.0216945518 0.00000000
04 0.8838838839 1.7877877878 0.0178504966 0.00000000
05 0.8888888889 1.7687687688 0.0196216608 0.00000000
06 0.8958958959 1.5085085085 0.0126660266 0.00000000
07 0.9029029029 1.4974974975 0.0145707235 0.00000000
08 0.9049049049 1.4804804805 0.0136250886 0.00000000
09 0.9069069069 1.5025025025 0.0173549418 0.00000000
10 0.9159159159 1.3273273273 0.0151322998 0.00000000
11 0.9079079079 1.7577577578 0.0247922423 0.00000000
12 0.9169169169 1.3863863864 0.0151993202 0.00000000
13 0.9179179179 1.7277277277 0.0221609697 0.00000000
14 0.9249249249 1.4674674675 0.0178528715 0.00000000
15 0.9289289289 1.5355355355 0.0167675429 0.00000000
16 0.9319319319 1.5835835836 0.0203393200 0.00000000
17 0.9189189189 1.7117117117 0.0190021333 0.00000000
18 0.9209209209 1.6236236236 0.0164787633 0.00000000
19 0.9199199199 1.6216216216 0.0177018781 0.00000000
20 0.9339339339 1.3373373373 0.0170329350 0.00000000
21 0.9239239239 1.7607607608 0.0253088696 0.00000000
22 0.9239239239 1.3713713714 0.0159589593 0.00000000
23 0.9269269269 1.3573573574 0.0142523023 0.00000000
24 0.9339339339 1.4364364364 0.0195524430 0.00000000
25 0.9389389389 1.2972972973 0.0153308743 0.00000000
26 0.9479479479 1.1171171171 0.0148686656 0.00000000
27 0.9479479479 1.1171171171 0.0156927698 0.00000000
28 0.9469469469 1.0650650651 0.0141757828 0.00000000
29 0.9479479479 1.0700700701 0.0157061826 0.00000000
30 0.9639639640 0.9259259259 0.0226765507 10.30000000
31 0.9589589590 0.8368368368 0.0166409340 7.53333333
32 0.9609609610 0.7757757758 0.0137529645 6.66666667
33 0.9579579580 0.9379379379 0.0182299884 7.60000000
34 0.9589589590 0.7967967968 0.0130002744 6.76666667
35 0.9629629630 1.2662662663 0.0331703225 11.96666667
36 0.9629629630 0.7487487487 0.0101349896 6.06666667
37 0.9619619620 0.7977977978 0.0125063303 6.96666667
38 0.9669669670 0.9219219219 0.0198391360 8.46666667
39 0.9719719720 0.7787787788 0.0156527019 8.16666667
40 0.9709709710 0.6636636637 0.0098630492 5.70000000
41 0.9739739740 0.6566566567 0.0124018338 6.33333333
42 0.9679679680 0.6646646647 0.0076686429 5.43333333
43 0.9719719720 0.7637637638 0.0134773419 6.80000000
44 0.9739739740 0.6126126126 0.0085097562 5.40000000
45 0.9739739740 0.5885885886 0.0073713626 5.03333333
46 0.9749749750 0.5985985986 0.0083313692 5.63333333
47 0.9759759760 0.7667667668 0.0174237954 7.66666667
48 0.9759759760 0.6066066066 0.0086041471 5.13333333
49 0.9739739740 0.6076076076 0.0089520418 4.83333333
50 0.9719719720 0.6146146146 0.0088140640 5.13333333
51 0.9699699700 0.7187187187 0.0123102589 6.00000000
52 0.9679679680 0.6566566567 0.0094244662 6.00000000
53 0.9679679680 0.7417417417 0.0119383502 6.63333333
54 0.9669669670 0.8948948949 0.0179945690 8.50000000
55 0.9639639640 0.7077077077 0.0081855998 5.83333333
56 0.9639639640 0.7557557558 0.0094437470 6.16666667
57 0.9649649650 0.7817817818 0.0116999359 6.90000000
58 0.9649649650 0.7977977978 0.0097961562 6.26666667
59 0.9639639640 0.9149149149 0.0194494266 9.33333333
group member
224 267 222 249 239 248 213 245 231 223 250 244 214 256 254 247 215 255 237 246 217 260 261 216 253 241 258 242 219 257 

後半開始（偏りあり）

|M| = 15
make network |V|=2000 |E|=4000
                flare                          flare.re  
t, Accessible, ave_query, ave_time, TABLE_REQ
00 0.7880000000 5.7850000000 0.1417481792 0.00000000
01 0.8420000000 2.3110000000 0.0243255501 0.00000000
02 0.8400000000 2.0260000000 0.0184837842 0.00000000
03 0.8520000000 2.1290000000 0.0245425217 0.00000000
04 0.8630000000 1.8480000000 0.0178463047 0.00000000
05 0.8720000000 1.8550000000 0.0170965910 0.00000000
06 0.8800000000 1.8950000000 0.0183503902 0.00000000
07 0.8810000000 1.7100000000 0.0141175666 0.00000000
08 0.8860000000 1.6590000000 0.0136247790 0.00000000
09 0.8910000000 1.7730000000 0.0203251977 0.00000000
10 0.8930000000 1.5250000000 0.0120976903 0.00000000
11 0.8830000000 2.0120000000 0.0294669623 0.00000000
12 0.8890000000 1.6410000000 0.0148356435 0.00000000
13 0.8950000000 1.9630000000 0.0221061788 0.00000000
14 0.8930000000 2.0370000000 0.0312194700 0.00000000
15 0.9030000000 1.8750000000 0.0207163961 0.00000000
16 0.9050000000 1.9380000000 0.0228662889 0.00000000
17 0.8920000000 2.1100000000 0.0233409033 0.00000000
18 0.8990000000 2.0440000000 0.0241278579 0.00000000
19 0.8960000000 2.0420000000 0.0225738256 0.00000000
20 0.9240000000 1.5710000000 0.0223353062 0.00000000
21 0.9180000000 1.7530000000 0.0250549188 0.00000000
22 0.9210000000 1.5030000000 0.0192934778 0.00000000
23 0.9290000000 1.5040000000 0.0202435458 0.00000000
24 0.9310000000 1.5490000000 0.0217146919 0.00000000
25 0.9240000000 1.5660000000 0.0238076587 0.00000000
26 0.9310000000 1.5270000000 0.0242621701 0.00000000
27 0.9350000000 1.4240000000 0.0192619746 0.00000000
28 0.9340000000 1.3880000000 0.0173462803 0.00000000
29 0.9350000000 1.3250000000 0.0160924675 0.00000000
30 0.9540000000 1.2560000000 0.0300684261 23.46666667
31 0.9580000000 0.9580000000 0.0201151879 13.53333333
32 0.9560000000 1.0220000000 0.0186842217 15.46666667
33 0.9600000000 0.9840000000 0.0193248127 15.40000000
34 0.9600000000 0.8520000000 0.0163409948 13.20000000
35 0.9580000000 1.3440000000 0.0258715832 19.73333333
36 0.9590000000 0.9780000000 0.0175700419 15.00000000
37 0.9590000000 1.0690000000 0.0185245421 19.86666667
38 0.9590000000 1.0250000000 0.0201256948 16.40000000
39 0.9620000000 0.8800000000 0.0155637078 14.80000000
40 0.9620000000 0.9470000000 0.0188701766 16.40000000
41 0.9590000000 1.0070000000 0.0202563455 16.40000000
42 0.9620000000 0.8790000000 0.0149226108 14.06666667
43 0.9630000000 0.8680000000 0.0163044267 14.20000000
44 0.9620000000 0.9650000000 0.0164140310 16.66666667
45 0.9630000000 0.8640000000 0.0137885993 14.13333333
46 0.9630000000 1.0260000000 0.0206691966 19.73333333
47 0.9620000000 1.0590000000 0.0252481868 20.86666667
48 0.9600000000 0.9900000000 0.0213754671 17.53333333
49 0.9600000000 0.9500000000 0.0182971916 16.80000000
50 0.9600000000 0.9100000000 0.0157986789 15.80000000
51 0.9650000000 0.9510000000 0.0210025113 17.53333333
52 0.9650000000 0.8550000000 0.0174486184 16.20000000
53 0.9660000000 0.8670000000 0.0180386672 15.53333333
54 0.9650000000 1.0050000000 0.0241566477 17.80000000
55 0.9650000000 0.8980000000 0.0175336554 16.73333333
56 0.9650000000 0.9470000000 0.0211147265 17.86666667
57 0.9600000000 0.9780000000 0.0229690804 19.20000000
58 0.9600000000 0.9350000000 0.0207522402 17.86666667
59 0.9570000000 1.1240000000 0.0271814969 21.06666667
group member
237 222 217 260 213 231 216 223 256 219 220 257 215 255 233 
|M| = 20
make network |V|=2000 |E|=4000
                flare                          flare.re  
t, Accessible, ave_query, ave_time, TABLE_REQ
00 0.7880000000 5.7850000000 0.1412028105 0.00000000
01 0.8420000000 2.3110000000 0.0243851416 0.00000000
02 0.8400000000 2.0260000000 0.0184502466 0.00000000
03 0.8520000000 2.1290000000 0.0246494560 0.00000000
04 0.8630000000 1.8480000000 0.0178662186 0.00000000
05 0.8720000000 1.8550000000 0.0172929966 0.00000000
06 0.8800000000 1.8950000000 0.0184396615 0.00000000
07 0.8810000000 1.7100000000 0.0140762668 0.00000000
08 0.8860000000 1.6590000000 0.0136727991 0.00000000
09 0.8910000000 1.7730000000 0.0203467665 0.00000000
10 0.8930000000 1.5250000000 0.0120599749 0.00000000
11 0.8830000000 2.0120000000 0.0292240293 0.00000000
12 0.8890000000 1.6410000000 0.0147515950 0.00000000
13 0.8950000000 1.9630000000 0.0220516481 0.00000000
14 0.8930000000 2.0370000000 0.0311782949 0.00000000
15 0.9030000000 1.8750000000 0.0206813676 0.00000000
16 0.9050000000 1.9380000000 0.0228438969 0.00000000
17 0.8920000000 2.1100000000 0.0234515269 0.00000000
18 0.8990000000 2.0440000000 0.0244725585 0.00000000
19 0.8960000000 2.0420000000 0.0226997664 0.00000000
20 0.9240000000 1.5710000000 0.0224279332 0.00000000
21 0.9180000000 1.7530000000 0.0251226366 0.00000000
22 0.9210000000 1.5030000000 0.0193064678 0.00000000
23 0.9290000000 1.5040000000 0.0201502914 0.00000000
24 0.9310000000 1.5490000000 0.0217481916 0.00000000
25 0.9240000000 1.5660000000 0.0239172900 0.00000000
26 0.9310000000 1.5270000000 0.0244839303 0.00000000
27 0.9350000000 1.4240000000 0.0193406718 0.00000000
28 0.9340000000 1.3880000000 0.0175044534 0.00000000
29 0.9350000000 1.3250000000 0.0161502707 0.00000000
30 0.9540000000 1.2690000000 0.0326048057 18.50000000
31 0.9580000000 0.9460000000 0.0197246897 10.35000000
32 0.9560000000 1.0140000000 0.0187078371 11.80000000
33 0.9590000000 0.9860000000 0.0187265210 11.60000000
34 0.9610000000 0.8690000000 0.0172985730 10.60000000
35 0.9590000000 1.3310000000 0.0242349727 14.95000000
36 0.9600000000 0.9900000000 0.0184337380 11.80000000
37 0.9600000000 1.0730000000 0.0185059888 15.40000000
38 0.9600000000 1.0350000000 0.0204483550 12.45000000
39 0.9630000000 0.9280000000 0.0187160928 12.50000000
40 0.9630000000 0.9430000000 0.0180517192 12.55000000
41 0.9600000000 1.0290000000 0.0216569533 13.15000000
42 0.9630000000 0.9140000000 0.0157959301 11.50000000
43 0.9640000000 0.8900000000 0.0181886694 11.45000000
44 0.9630000000 0.9710000000 0.0169898105 13.00000000
45 0.9640000000 0.8840000000 0.0146181216 11.45000000
46 0.9640000000 1.0260000000 0.0210145662 14.80000000
47 0.9630000000 1.0760000000 0.0274157102 16.50000000
48 0.9610000000 0.9980000000 0.0220641940 13.70000000
49 0.9610000000 0.9750000000 0.0195238152 13.25000000
50 0.9610000000 0.9400000000 0.0177036979 12.55000000
51 0.9660000000 0.9720000000 0.0228272002 13.90000000
52 0.9660000000 0.8770000000 0.0178620777 12.65000000
53 0.9670000000 0.9010000000 0.0195776627 12.65000000
54 0.9660000000 1.0300000000 0.0250552957 14.10000000
55 0.9660000000 0.9080000000 0.0181671271 13.25000000
56 0.9660000000 0.9510000000 0.0209026406 13.70000000
57 0.9630000000 0.9600000000 0.0231400127 14.50000000
58 0.9630000000 0.9200000000 0.0206709337 13.50000000
59 0.9600000000 1.1360000000 0.0287920847 16.55000000
group member
222 262 213 231 223 256 215 255 233 237 217 260 261 216 258 219 263 220 257 259 
|M| = 25
make network |V|=2000 |E|=4000
                flare                          flare.re  
t, Accessible, ave_query, ave_time, TABLE_REQ
00 0.7880000000 5.7850000000 0.1424203527 0.00000000
01 0.8420000000 2.3110000000 0.0246120422 0.00000000
02 0.8400000000 2.0260000000 0.0185340841 0.00000000
03 0.8520000000 2.1290000000 0.0247274184 0.00000000
04 0.8630000000 1.8480000000 0.0179361117 0.00000000
05 0.8720000000 1.8550000000 0.0172435377 0.00000000
06 0.8800000000 1.8950000000 0.0184868250 0.00000000
07 0.8810000000 1.7100000000 0.0142387366 0.00000000
08 0.8860000000 1.6590000000 0.0138493149 0.00000000
09 0.8910000000 1.7730000000 0.0205317366 0.00000000
10 0.8930000000 1.5250000000 0.0121014717 0.00000000
11 0.8830000000 2.0120000000 0.0295401609 0.00000000
12 0.8890000000 1.6410000000 0.0148769832 0.00000000
13 0.8950000000 1.9630000000 0.0221111708 0.00000000
14 0.8930000000 2.0370000000 0.0314063306 0.00000000
15 0.9030000000 1.8750000000 0.0207186124 0.00000000
16 0.9050000000 1.9380000000 0.0229817667 0.00000000
17 0.8920000000 2.1100000000 0.0234196041 0.00000000
18 0.8990000000 2.0440000000 0.0242781253 0.00000000
19 0.8960000000 2.0420000000 0.0225269370 0.00000000
20 0.9240000000 1.5710000000 0.0224233656 0.00000000
21 0.9180000000 1.7530000000 0.0250774035 0.00000000
22 0.9210000000 1.5030000000 0.0194121261 0.00000000
23 0.9290000000 1.5040000000 0.0203478603 0.00000000
24 0.9310000000 1.5490000000 0.0219750004 0.00000000
25 0.9240000000 1.5660000000 0.0239142487 0.00000000
26 0.9310000000 1.5270000000 0.0245213120 0.00000000
27 0.9350000000 1.4240000000 0.0194298968 0.00000000
28 0.9340000000 1.3880000000 0.0175232756 0.00000000
29 0.9350000000 1.3250000000 0.0161642511 0.00000000
30 0.9630000000 1.1520000000 0.0295865235 16.32000000
31 0.9670000000 0.8130000000 0.0157111614 9.16000000
32 0.9690000000 0.8730000000 0.0163646944 8.36000000
33 0.9740000000 0.8420000000 0.0164230220 8.52000000
34 0.9750000000 0.7320000000 0.0143648481 7.48000000
35 0.9730000000 1.1960000000 0.0220481367 11.68000000
36 0.9740000000 0.8490000000 0.0160047653 8.48000000
37 0.9740000000 0.9530000000 0.0160961735 11.76000000
38 0.9720000000 0.9300000000 0.0179177880 9.76000000
39 0.9740000000 0.8200000000 0.0156862535 9.48000000
40 0.9750000000 0.7890000000 0.0141378267 8.84000000
41 0.9740000000 0.8980000000 0.0220080943 10.00000000
42 0.9750000000 0.7650000000 0.0122599707 7.88000000
43 0.9770000000 0.7610000000 0.0139199626 8.56000000
44 0.9750000000 0.8410000000 0.0122176247 9.68000000
45 0.9750000000 0.7770000000 0.0113205743 8.52000000
46 0.9740000000 0.9430000000 0.0185138547 11.60000000
47 0.9710000000 1.0120000000 0.0239971559 13.56000000
48 0.9690000000 0.9200000000 0.0179899590 10.96000000
49 0.9690000000 0.9170000000 0.0167306275 10.88000000
50 0.9690000000 0.8940000000 0.0158476963 10.60000000
51 0.9710000000 0.8940000000 0.0198245173 11.64000000
52 0.9710000000 0.7790000000 0.0145195324 10.00000000
53 0.9720000000 0.7920000000 0.0169543340 10.04000000
54 0.9710000000 0.9620000000 0.0237776301 13.20000000
55 0.9710000000 0.8820000000 0.0178749924 11.28000000
56 0.9710000000 0.9330000000 0.0214702024 11.96000000
57 0.9690000000 0.9290000000 0.0231157258 12.72000000
58 0.9690000000 0.8740000000 0.0204770014 11.48000000
59 0.9660000000 1.0790000000 0.0273690162 14.20000000
group member
222 262 213 231 223 264 256 265 272 215 255 233 237 281 217 273 260 261 216 258 219 263 220 257 259 
|M| = 30
make network |V|=2000 |E|=4000
                flare                          flare.re  
t, Accessible, ave_query, ave_time, TABLE_REQ
00 0.7880000000 5.7850000000 0.1416396327 0.00000000
01 0.8420000000 2.3110000000 0.0243326898 0.00000000
02 0.8400000000 2.0260000000 0.0183577676 0.00000000
03 0.8520000000 2.1290000000 0.0245917165 0.00000000
04 0.8630000000 1.8480000000 0.0178059640 0.00000000
05 0.8720000000 1.8550000000 0.0171428626 0.00000000
06 0.8800000000 1.8950000000 0.0183579192 0.00000000
07 0.8810000000 1.7100000000 0.0141347313 0.00000000
08 0.8860000000 1.6590000000 0.0137078424 0.00000000
09 0.8910000000 1.7730000000 0.0203631604 0.00000000
10 0.8930000000 1.5250000000 0.0120726433 0.00000000
11 0.8830000000 2.0120000000 0.0293145008 0.00000000
12 0.8890000000 1.6410000000 0.0148321271 0.00000000
13 0.8950000000 1.9630000000 0.0222352622 0.00000000
14 0.8930000000 2.0370000000 0.0313832376 0.00000000
15 0.9030000000 1.8750000000 0.0207312768 0.00000000
16 0.9050000000 1.9380000000 0.0226981530 0.00000000
17 0.8920000000 2.1100000000 0.0232402835 0.00000000
18 0.8990000000 2.0440000000 0.0241846957 0.00000000
19 0.8960000000 2.0420000000 0.0225195627 0.00000000
20 0.9240000000 1.5710000000 0.0223301539 0.00000000
21 0.9180000000 1.7530000000 0.0248966773 0.00000000
22 0.9210000000 1.5030000000 0.0192731066 0.00000000
23 0.9290000000 1.5040000000 0.0201384985 0.00000000
24 0.9310000000 1.5490000000 0.0216391211 0.00000000
25 0.9240000000 1.5660000000 0.0236914895 0.00000000
26 0.9310000000 1.5270000000 0.0243366985 0.00000000
27 0.9350000000 1.4240000000 0.0193817518 0.00000000
28 0.9340000000 1.3880000000 0.0174029541 0.00000000
29 0.9350000000 1.3250000000 0.0160911996 0.00000000
30 0.9660000000 1.1150000000 0.0275722549 14.50000000
31 0.9680000000 0.7530000000 0.0138481002 8.36666667
32 0.9700000000 0.8400000000 0.0162070165 8.23333333
33 0.9700000000 0.8500000000 0.0165041544 8.43333333
34 0.9710000000 0.7530000000 0.0144115684 7.00000000
35 0.9690000000 1.1830000000 0.0218824320 10.53333333
36 0.9710000000 0.8770000000 0.0162311351 7.90000000
37 0.9710000000 0.9540000000 0.0149483962 10.13333333
38 0.9690000000 0.9640000000 0.0174913218 9.46666667
39 0.9720000000 0.8310000000 0.0141907604 8.33333333
40 0.9720000000 0.8300000000 0.0153997500 8.23333333
41 0.9690000000 0.9450000000 0.0225741982 9.40000000
42 0.9700000000 0.8430000000 0.0136823053 7.80000000
43 0.9730000000 0.8320000000 0.0146909394 8.13333333
44 0.9690000000 0.9170000000 0.0140967381 9.73333333
45 0.9700000000 0.8310000000 0.0123419390 8.06666667
46 0.9720000000 0.9480000000 0.0180763805 9.86666667
47 0.9690000000 0.9870000000 0.0213195841 11.03333333
48 0.9670000000 0.9200000000 0.0175797312 9.43333333
49 0.9680000000 0.9100000000 0.0162658653 9.40000000
50 0.9680000000 0.8780000000 0.0145778615 8.70000000
51 0.9710000000 0.9130000000 0.0209406457 10.20000000
52 0.9710000000 0.7940000000 0.0144784133 8.70000000
53 0.9700000000 0.8140000000 0.0156972170 8.76666667
54 0.9700000000 0.9960000000 0.0220767078 11.70000000
55 0.9700000000 0.9200000000 0.0173593359 9.86666667
56 0.9700000000 0.9450000000 0.0194862216 10.46666667
57 0.9680000000 0.9460000000 0.0228224258 10.90000000
58 0.9680000000 0.8920000000 0.0178500168 9.76666667
59 0.9640000000 1.1020000000 0.0256013260 12.40000000
group member
222 1435 262 1436 213 231 223 264 256 265 272 215 255 233 220 237 281 217 273 260 261 216 271 258 219 263 276 257 274 259 

recipients
num_store=6 num_consumer=94
sender:store-store cnsumer-consumer store-consumer
262: ss=0 cc=5 sc=95
1039: ss=0 cc=7 sc=93
317: ss=0 cc=3 sc=97
1723: ss=0 cc=4 sc=96
147: ss=0 cc=2 sc=98
941: ss=0 cc=4 sc=96
320: ss=0 cc=4 sc=96
1764: ss=0 cc=7 sc=93
1885: ss=0 cc=2 sc=98
670: ss=0 cc=6 sc=94

frequent chanel for |V| = 15: s-s=35 c-c=963 s-c=49

frequent chanel for |V| = 15: s-s=126 c-c=727 s-c=108