|M| = 5
make network |V|=2000 |E|=4000
Accessible, ave_time, ave_query, TABLE_REQ
t          not_group              group  
0 0.8634317159 5.2876438219
1 0.9034517259 0.7183591796
2 0.9084542271 0.3728530932
3 0.9164582291 0.2601300650
4 0.9214607304 0.1923961981
5 0.9239619810 0.1524095381
6 0.9274637319 0.1259201029
7 0.9359679840 0.0994247124
8 0.9414707354 0.0809293536
9 0.9434717359 0.0668834417
10 0.9479739870 0.0567101733
11 0.9499749875 0.0491912623
12 0.9554777389 0.0428291069
13 0.9564782391 0.0372329022
14 0.9599799900 0.0340170085
15 0.9609804902 0.0297023512
16 0.9629814907 0.0272489186
17 0.9659829915 0.0241231727
18 0.9674837419 0.0214317685
19 0.9709854927 0.0186093047
20 0.9729864932 0.0158650754
21 0.9739869935 0.0144617763
22 0.9754877439 0.0133327533
23 0.9774887444 0.0120893780
24 0.9794897449 0.0106653327
25 0.9799899950 0.0096779159
26 0.9809904952 0.0088748078
27 0.9809904952 0.0084506539
28 0.9819909955 0.0078660020
29 0.9829914957 0.0074370519
access %, disaccess %
0.004184759770275949, 0.0
後半開始
30 0.9844922461230615 0.0001044419615555 0.0067130339363230 0.00000000| 0.9844922461230615 0.0001041156725585 0.0067130339363230 0.00000000
31 0.9889944972486243 0.0001379252225533 0.0055809154577289 0.00000000| 0.9889944972486243 0.0001385602289405 0.0055809154577289 0.00000000
32 0.9894947473736868 0.0000572397624790 0.0041081146633923 0.00000000| 0.9894947473736868 0.0000570501429609 0.0041081146633923 0.00000000
33 0.9899949974987494 0.0000529053689481 0.0038107288938587 0.00000000| 0.9899949974987494 0.0000525379119169 0.0038107288938587 0.00000000
34 0.9914957478739370 0.0000594482798083 0.0032587722432645 0.00000000| 0.9914957478739370 0.0000590581716040 0.0032587722432645 0.00000000
35 0.9919959979989995 0.0000377751981680 0.0027791673614585 0.00000000| 0.9919959979989995 0.0000373082172612 0.0027791673614585 0.00000000
36 0.9924962481240620 0.0000397363535611 0.0026634939091167 0.00000000| 0.9924962481240620 0.0000394895152407 0.0026634939091167 0.00000000
37 0.9929964982491246 0.0000417674090926 0.0024222637634607 0.00000000| 0.9929964982491246 0.0000412294905520 0.0024222637634607 0.00000000
38 0.9934967483741871 0.0000320957689930 0.0021677505419376 0.00000000| 0.9934967483741871 0.0000320579668604 0.0021677505419376 0.00000000
39 0.9934967483741871 0.0000271618634597 0.0019759879939970 0.00000000| 0.9934967483741871 0.0000268211389793 0.0019759879939970 0.00000000
40 0.9949974987493747 0.0000456559841172 0.0017813784941251 0.00000000| 0.9949974987493747 0.0000454713238238 0.0017813784941251 0.00000000
41 0.9949974987493747 0.0000192071470356 0.0014411967888706 0.00000000| 0.9949974987493747 0.0000190638113466 0.0014411967888706 0.00000000
42 0.9949974987493747 0.0000191923530662 0.0014076805844783 0.00000000| 0.9949974987493747 0.0000189629933780 0.0014076805844783 0.00000000
43 0.9949974987493747 0.0000190700139760 0.0013756878439220 0.00000000| 0.9949974987493747 0.0000187637069833 0.0013756878439220 0.00000000
44 0.9959979989994997 0.0000203629212186 0.0012339503084876 0.00000000| 0.9959979989994997 0.0000200752896310 0.0012339503084876 0.00000000
45 0.9959979989994997 0.0000145466420956 0.0010766252691563 0.00000000| 0.9959979989994997 0.0000143176613183 0.0010766252691563 0.00000000
46 0.9959979989994997 0.0000143055765960 0.0010537183485360 0.00000000| 0.9959979989994997 0.0000142096209401 0.0010537183485360 0.00000000
47 0.9964982491245623 0.0000151849914158 0.0009692346173087 0.00000000| 0.9964982491245623 0.0000149875243187 0.0009692346173087 0.00000000
48 0.9964982491245623 0.0000123867592954 0.0008984083878674 0.00000000| 0.9964982491245623 0.0000122402581118 0.0008984083878674 0.00000000
49 0.9964982491245623 0.0000122188865810 0.0008804402201101 0.00000000| 0.9964982491245623 0.0000120362524631 0.0008804402201101 0.00000000
50 0.9964982491245623 0.0000119749086669 0.0008631766863824 0.00000000| 0.9964982491245623 0.0000118518044285 0.0008631766863824 0.00000000
51 0.9969984992496248 0.0000130929342114 0.0007888559664448 0.00000000| 0.9969984992496248 0.0000129423480203 0.0007888559664448 0.00000000
52 0.9969984992496248 0.0000096731980649 0.0007267784835814 0.00000000| 0.9969984992496248 0.0000095611617885 0.0007267784835814 0.00000000
53 0.9974987493746873 0.0000097340316338 0.0006577362755452 0.00000000| 0.9974987493746873 0.0000096103298815 0.0006577362755452 0.00000000
54 0.9974987493746873 0.0000086415106204 0.0006003001500750 0.00000000| 0.9974987493746873 0.0000084678290447 0.0006003001500750 0.00000000
55 0.9974987493746873 0.0000084821311313 0.0005895805045380 0.00000000| 0.9974987493746873 0.0000083820346868 0.0005895805045380 0.00000000
56 0.9974987493746873 0.0000084749316899 0.0005792369869145 0.00000000| 0.9974987493746873 0.0000083144773232 0.0005792369869145 0.00000000
57 0.9979989994997499 0.0000074740734904 0.0005088751272188 0.00000000| 0.9979989994997499 0.0000073028362173 0.0005088751272188 0.00000000
58 0.9979989994997499 0.0000068588970671 0.0004663348623464 0.00000000| 0.9979989994997499 0.0000067185478661 0.0004663348623464 0.00000000
59 0.9979989994997499 0.0000067237935425 0.0004585626146407 0.00000000| 0.9979989994997499 0.0000065652235202 0.0004585626146407 0.00000000
access %, disaccess %, accessG %, disaccessG %
0.002303792264739132, 0.0, 0.002303792264739132, 0.0

|M| = 10
make network |V|=2000 |E|=4000
Accessible, ave_query, ave_time, TABLE_REQ
t          not_group              group  
0  0.8634317159 5.2876438219
1  0.9034517259 0.7183591796
2  0.9084542271 0.3728530932
3  0.9164582291 0.2601300650
4  0.9214607304 0.1923961981
5  0.9239619810 0.1524095381
6  0.9274637319 0.1259201029
7  0.9359679840 0.0994247124
8  0.9414707354 0.0809293536
9  0.9434717359 0.0668834417
10 0.9479739870 0.0567101733
11 0.9499749875 0.0491912623
12 0.9554777389 0.0428291069
13 0.9564782391 0.0372329022
14 0.9599799900 0.0340170085
15 0.9609804902 0.0297023512
16 0.9629814907 0.0272489186
17 0.9659829915 0.0241231727
18 0.9674837419 0.0214317685
19 0.9709854927 0.0186093047
20 0.9729864932 0.0158650754
21 0.9739869935 0.0144617763
22 0.9754877439 0.0133327533
23 0.9774887444 0.0120893780
24 0.9794897449 0.0106653327
25 0.9799899950 0.0096779159
26 0.9809904952 0.0088748078
27 0.9809904952 0.0084506539
28 0.9819909955 0.0078660020
29 0.9829914957 0.0074370519
access %, disaccess %
0.004184759770275949, 0.0
後半開始
30 0.9849924962481240 0.0001096860276225 0.0066323484322807 0.40000000| 0.9849924962481240 0.0001168790748716 0.0066323484322807 0.40000000
31 0.9889944972486243 0.0001212410505800 0.0055027513756878 0.20000000| 0.9889944972486243 0.0001263261966970 0.0055027513756878 0.20000000
32 0.9894947473736868 0.0000642928857115 0.0041839101368866 0.20000000| 0.9894947473736868 0.0000705772086883 0.0041839101368866 0.20000000
33 0.9899949974987494 0.0000642261752645 0.0039872877615278 0.20000000| 0.9899949974987494 0.0000701548931608 0.0039872877615278 0.20000000
34 0.9914957478739370 0.0000699800120441 0.0034302865718574 0.20000000| 0.9914957478739370 0.0000762538709540 0.0034302865718574 0.20000000
35 0.9919959979989995 0.0000489232247392 0.0029459174031460 0.20000000| 0.9919959979989995 0.0000545507433893 0.0029459174031460 0.20000000
36 0.9924962481240620 0.0000504361202381 0.0028257371929208 0.20000000| 0.9924962481240620 0.0000558192103014 0.0028257371929208 0.20000000
37 0.9924962481240620 0.0000450708538381 0.0026197309180906 0.20000000| 0.9924962481240620 0.0000506919793949 0.0026197309180906 0.20000000
38 0.9929964982491246 0.0000443125338104 0.0024627698464617 0.20000000| 0.9929964982491246 0.0000495122032289 0.0024627698464617 0.20000000
39 0.9934967483741871 0.0000455590293907 0.0022011005502751 0.20000000| 0.9934967483741871 0.0000514996206838 0.0022011005502751 0.20000000
40 0.9949974987493747 0.0000558511615578 0.0019277931648751 0.20000000| 0.9949974987493747 0.0000604991035255 0.0019277931648751 0.20000000
41 0.9949974987493747 0.0000298275080088 0.0015841253960313 0.20000000| 0.9949974987493747 0.0000343564017901 0.0015841253960313 0.20000000
42 0.9949974987493747 0.0000292912356324 0.0015472852705422 0.20000000| 0.9949974987493747 0.0000340138606479 0.0015472852705422 0.20000000
43 0.9949974987493747 0.0000295300558301 0.0015121196962117 0.20000000| 0.9949974987493747 0.0000343920779134 0.0015121196962117 0.20000000
44 0.9959979989994997 0.0000307863519705 0.0013673503418376 0.20000000| 0.9959979989994997 0.0000354214816114 0.0013673503418376 0.20000000
45 0.9959979989994997 0.0000246768466832 0.0012071253017813 0.20000000| 0.9959979989994997 0.0000291338148830 0.0012071253017813 0.20000000
46 0.9959979989994997 0.0000184888427508 0.0011388673059934 0.10000000| 0.9959979989994997 0.0000218298825170 0.0011388673059934 0.10000000
47 0.9964982491245623 0.0000185113470416 0.0010213440053360 0.10000000| 0.9964982491245623 0.0000217463873974 0.0010213440053360 0.10000000
48 0.9964982491245623 0.0000162372469745 0.0009494543189962 0.10000000| 0.9964982491245623 0.0000193540555186 0.0009494543189962 0.10000000
49 0.9964982491245623 0.0000157647540773 0.0009304652326163 0.10000000| 0.9964982491245623 0.0000190003649362 0.0009304652326163 0.10000000
50 0.9964982491245623 0.0000155310753388 0.0009122208162905 0.10000000| 0.9964982491245623 0.0000186549786896 0.0009122208162905 0.10000000
51 0.9969984992496248 0.0000165900848478 0.0008369569400085 0.10000000| 0.9969984992496248 0.0000196146461345 0.0008369569400085 0.10000000
52 0.9969984992496248 0.0000131777488706 0.0007739718916062 0.10000000| 0.9969984992496248 0.0000161371101729 0.0007739718916062 0.10000000
53 0.9974987493746873 0.0000128063306472 0.0007040557315695 0.10000000| 0.9974987493746873 0.0000158064366226 0.0007040557315695 0.10000000
54 0.9974987493746873 0.0000118794558974 0.0006457774341716 0.10000000| 0.9974987493746873 0.0000148085163465 0.0006457774341716 0.10000000
55 0.9974987493746873 0.0000117453374115 0.0006342456942757 0.10000000| 0.9974987493746873 0.0000147492296231 0.0006342456942757 0.10000000
56 0.9974987493746873 0.0000121234454956 0.0006231185768323 0.10000000| 0.9974987493746873 0.0000152503272462 0.0006231185768323 0.10000000
57 0.9979989994997499 0.0000110882056658 0.0005520001380000 0.10000000| 0.9979989994997499 0.0000140993388377 0.0005520001380000 0.10000000
58 0.9979989994997499 0.0000100026763125 0.0005087289407416 0.10000000| 0.9979989994997499 0.0000132471892826 0.0005087289407416 0.10000000
59 0.9979989994997499 0.0000102194186070 0.0005002501250625 0.10000000| 0.9979989994997499 0.0000133110539842 0.0005002501250625 0.10000000
access %, disaccess %, accessG %, disaccessG %
0.0023038119952382176, 0.0, 0.0023038119952382176, 0.0

|M| = 15
make network |V|=2000 |E|=4000
Accessible, ave_query, ave_time, TABLE_REQ
t          not_group              group  
0 0.8634317159 5.2876438219
1 0.9034517259 0.7183591796
2 0.9084542271 0.3728530932
3 0.9164582291 0.2601300650
4 0.9214607304 0.1923961981
5 0.9239619810 0.1524095381
6 0.9274637319 0.1259201029
7 0.9359679840 0.0994247124
8 0.9414707354 0.0809293536
9 0.9434717359 0.0668834417
10 0.9479739870 0.0567101733
11 0.9499749875 0.0491912623
12 0.9554777389 0.0428291069
13 0.9564782391 0.0372329022
14 0.9599799900 0.0340170085
15 0.9609804902 0.0297023512
16 0.9629814907 0.0272489186
17 0.9659829915 0.0241231727
18 0.9674837419 0.0214317685
19 0.9709854927 0.0186093047
20 0.9729864932 0.0158650754
21 0.9739869935 0.0144617763
22 0.9754877439 0.0133327533
23 0.9774887444 0.0120893780
24 0.9794897449 0.0106653327
25 0.9799899950 0.0096779159
26 0.9809904952 0.0088748078
27 0.9809904952 0.0084506539
28 0.9819909955 0.0078660020
29 0.9829914957 0.0074370519
access %, disaccess %
0.004184759770275949, 0.0
後半開始
30 0.9854927463731866 0.0001188014283045 0.0065839371298553 0.33333333| 0.9859929964982491 0.0001435120987679 0.0064871145250044 0.46666667
31 0.9894947473736868 0.0001260349457117 0.0054402201100550 0.20000000| 0.9894947473736868 0.0001319951530156 0.0053620560280140 0.33333333
32 0.9894947473736868 0.0000707214554164 0.0043355010838753 0.20000000| 0.9894947473736868 0.0000766111898077 0.0042597056103809 0.33333333
33 0.9899949974987494 0.0000717677598044 0.0041344201512521 0.20000000| 0.9899949974987494 0.0000775343386143 0.0040608539563900 0.33333333
34 0.9914957478739370 0.0000763776141665 0.0035732151790181 0.20000000| 0.9914957478739370 0.0000821401808300 0.0035017508754377 0.33333333
35 0.9919959979989995 0.0000559336963804 0.0030848757712189 0.13333333| 0.9919959979989995 0.0000605238006774 0.0030153965871825 0.26666667
36 0.9924962481240620 0.0000586479307132 0.0029609399294242 0.13333333| 0.9924962481240620 0.0000627608421941 0.0028933385611725 0.26666667
37 0.9924962481240620 0.0000529266804216 0.0027513756878439 0.13333333| 0.9924962481240620 0.0000531003830548 0.0026592243490166 0.26666667
38 0.9929964982491246 0.0000517873619325 0.0025910391092982 0.13333333| 0.9929964982491246 0.0000532463480982 0.0025140775515963 0.20000000
39 0.9934967483741871 0.0000536263823927 0.0023261630815408 0.13333333| 0.9934967483741871 0.0000569698541030 0.0022511255627814 0.20000000
40 0.9949974987493747 0.0000620914687480 0.0020498053905001 0.13333333| 0.9949974987493747 0.0000622675533148 0.0019765980551251 0.20000000
41 0.9949974987493747 0.0000365361492864 0.0017032325686653 0.13333333| 0.9949974987493747 0.0000371352910467 0.0016317682650849 0.20000000
42 0.9949974987493747 0.0000368633145115 0.0016636225089289 0.13333333| 0.9949974987493747 0.0000377059050805 0.0015938201658969 0.20000000
43 0.9949974987493747 0.0000361070620357 0.0016258129064532 0.13333333| 0.9949974987493747 0.0000368314906375 0.0015575969803083 0.20000000
44 0.9959979989994997 0.0000380327713363 0.0014785170362959 0.13333333| 0.9959979989994997 0.0000385493833554 0.0014118170196209 0.20000000
45 0.9959979989994997 0.0000321769511080 0.0013158753289688 0.13333333| 0.9959979989994997 0.0000327623878071 0.0012506253126563 0.20000000
46 0.9959979989994997 0.0000248458967018 0.0012453035028152 0.06666667| 0.9959979989994997 0.0000239015431249 0.0011920854044043 0.13333333
47 0.9964982491245623 0.0000258985486292 0.0011255627813907 0.06666667| 0.9964982491245623 0.0000248322769942 0.0010734533933633 0.13333333
48 0.9964982491245623 0.0000164215904839 0.0009698726914478 0.06666667| 0.9964982491245623 0.0000154384956882 0.0009494543189962 0.06666667
49 0.9964982491245623 0.0000156269436064 0.0009304652326163 0.06666667| 0.9964982491245623 0.0000145714017020 0.0009104552276138 0.06666667
50 0.9964982491245623 0.0000153420691733 0.0009122208162905 0.06666667| 0.9964982491245623 0.0000143885538822 0.0008926031643273 0.06666667
51 0.9969984992496248 0.0000163870524410 0.0008369569400085 0.06666667| 0.9969984992496248 0.0000153973772586 0.0008177165505830 0.06666667
52 0.9969984992496248 0.0000131562309564 0.0007739718916062 0.06666667| 0.9969984992496248 0.0000123414284244 0.0007550945283963 0.06666667
53 0.9974987493746873 0.0000132887204364 0.0007040557315695 0.06666667| 0.9974987493746873 0.0000122443376860 0.0006855279491598 0.06666667
54 0.9974987493746873 0.0000118851330982 0.0006457774341716 0.06666667| 0.9974987493746873 0.0000109327360435 0.0006275865205330 0.06666667
55 0.9974987493746873 0.0000118607024081 0.0006342456942757 0.06666667| 0.9974987493746873 0.0000109546078731 0.0006163796183806 0.06666667
56 0.9974987493746873 0.0000119037165661 0.0006231185768323 0.06666667| 0.9974987493746873 0.0000111400732171 0.0006055659408652 0.06666667
57 0.9979989994997499 0.0000109303840903 0.0005520001380000 0.06666667| 0.9979989994997499 0.0000099867633216 0.0005347501336875 0.06666667
58 0.9979989994997499 0.0000105182617205 0.0005087289407416 0.06666667| 0.9979989994997499 0.0000095331428598 0.0004917713093835 0.06666667
59 0.9979989994997499 0.0000103303585844 0.0005002501250625 0.06666667| 0.9979989994997499 0.0000094087874868 0.0004835751208938 0.06666667
access %, disaccess %, accessG %, disaccessG %
0.0023037725345779986, 0.0, 0.002303752804754809, 0.0

|M| = 20
make network |V|=2000 |E|=4000
Accessible, ave_query, ave_time, TABLE_REQ
t          not_group              group  
0 0.8634317159 5.2876438219
1 0.9034517259 0.7183591796
2 0.9084542271 0.3728530932
3 0.9164582291 0.2601300650
4 0.9214607304 0.1923961981
5 0.9239619810 0.1524095381
6 0.9274637319 0.1259201029
7 0.9359679840 0.0994247124
8 0.9414707354 0.0809293536
9 0.9434717359 0.0668834417
10 0.9479739870 0.0567101733
11 0.9499749875 0.0491912623
12 0.9554777389 0.0428291069
13 0.9564782391 0.0372329022
14 0.9599799900 0.0340170085
15 0.9609804902 0.0297023512
16 0.9629814907 0.0272489186
17 0.9659829915 0.0241231727
18 0.9674837419 0.0214317685
19 0.9709854927 0.0186093047
20 0.9729864932 0.0158650754
21 0.9739869935 0.0144617763
22 0.9754877439 0.0133327533
23 0.9774887444 0.0120893780
24 0.9794897449 0.0106653327
25 0.9799899950 0.0096779159
26 0.9809904952 0.0088748078
27 0.9809904952 0.0084506539
28 0.9819909955 0.0078660020
29 0.9829914957 0.0074370519
access %, disaccess %
0.004184759770275949, 0.0
後半開始
30 0.9859929964982491 0.0001485112941918 0.0065516629282383 0.25000000| 0.9864932466233116 0.0001792896134216 0.0063741548193452 0.30000000
31 0.9899949974987494 0.0001473680898927 0.0054245872936468 0.15000000| 0.9899949974987494 0.0001650213703267 0.0052838919459730 0.25000000
32 0.9899949974987494 0.0001048421260505 0.0044567738414662 0.15000000| 0.9899949974987494 0.0001192098931238 0.0043203419891764 0.25000000
33 0.9904952476238119 0.0001037019615902 0.0042521260630315 0.15000000| 0.9904952476238119 0.0001188392717457 0.0041197069122797 0.25000000
34 0.9919959979989995 0.0001079087975384 0.0036875580647467 0.15000000| 0.9919959979989995 0.0001227048879217 0.0035589223183020 0.25000000
35 0.9924962481240620 0.0000878229830875 0.0031960424656773 0.15000000| 0.9924962481240620 0.0001009473454249 0.0030709799344117 0.25000000
36 0.9929964982491246 0.0000883799972576 0.0030691021186269 0.15000000| 0.9929964982491246 0.0001019978973575 0.0029474196557738 0.25000000
37 0.9929964982491246 0.0000806467525767 0.0028435270266712 0.10000000| 0.9929964982491246 0.0000961638028009 0.0027382112108686 0.25000000
38 0.9934967483741871 0.0000792688425606 0.0026808275932838 0.10000000| 0.9934967483741871 0.0000955096858270 0.0025910391092982 0.20000000
39 0.9934967483741871 0.0000806291202356 0.0024762381190595 0.15000000| 0.9934967483741871 0.0000932640048967 0.0023886943471736 0.20000000
40 0.9949974987493747 0.0000837652357945 0.0021596163935626 0.10000000| 0.9949974987493747 0.0000902833610347 0.0020742078356251 0.15000000
41 0.9949974987493747 0.0000583974955981 0.0018104290240358 0.10000000| 0.9949974987493747 0.0000654187236871 0.0017270540031921 0.15000000
42 0.9949974987493747 0.0000680425356056 0.0017799597473155 0.10000000| 0.9949974987493747 0.0000736337934209 0.0016985236804449 0.15000000
43 0.9949974987493747 0.0000683197172154 0.0017395061166947 0.10000000| 0.9949974987493747 0.0000750641607263 0.0016599208695257 0.15000000
44 0.9959979989994997 0.0000692088172882 0.0015896837307543 0.10000000| 0.9959979989994997 0.0000780036123298 0.0015118670446334 0.15000000
45 0.9959979989994997 0.0000521304476351 0.0015116253779063 0.10000000| 0.9959979989994997 0.0000761815550940 0.0014790003697501 0.15000000
46 0.9959979989994997 0.0000486439093254 0.0014475322767767 0.05000000| 0.9959979989994997 0.0000677330198825 0.0014156014177301 0.10000000
47 0.9964982491245623 0.0000285745805078 0.0012506253126563 0.05000000| 0.9964982491245623 0.0000402754806610 0.0012193596798399 0.10000000
48 0.9964982491245623 0.0000184442819025 0.0010719645537054 0.00000000| 0.9964982491245623 0.0000239412186601 0.0010719645537054 0.00000000
49 0.9964982491245623 0.0000176605646344 0.0010305152576288 0.00000000| 0.9964982491245623 0.0000232953199928 0.0010305152576288 0.00000000
50 0.9964982491245623 0.0000175040709906 0.0010103090761067 0.00000000| 0.9964982491245623 0.0000230430648153 0.0010103090761067 0.00000000
51 0.9969984992496248 0.0000184648019617 0.0009331588871359 0.00000000| 0.9969984992496248 0.0000240077862134 0.0009331588871359 0.00000000
52 0.9969984992496248 0.0000151908845383 0.0008683587076557 0.00000000| 0.9969984992496248 0.0000203051765064 0.0008683587076557 0.00000000
53 0.9974987493746873 0.0000151292850979 0.0007966946436181 0.00000000| 0.9974987493746873 0.0000203368622839 0.0007966946436181 0.00000000
54 0.9974987493746873 0.0000142883390298 0.0007367320023648 0.00000000| 0.9974987493746873 0.0000195230043972 0.0007367320023648 0.00000000
55 0.9974987493746873 0.0000137130531583 0.0007235760737512 0.00000000| 0.9974987493746873 0.0000188834930620 0.0007235760737512 0.00000000
56 0.9974987493746873 0.0000138853404445 0.0007108817566678 0.00000000| 0.9974987493746873 0.0000193316428679 0.0007108817566678 0.00000000
57 0.9979989994997499 0.0000130724066692 0.0006382501595625 0.00000000| 0.9979989994997499 0.0000181989592810 0.0006382501595625 0.00000000
58 0.9979989994997499 0.0000115384597954 0.0005511230191367 0.00000000| 0.9979989994997499 0.0000162682569773 0.0005511230191367 0.00000000
59 0.9979989994997499 0.0000113374355616 0.0005252626313157 0.00000000| 0.9979989994997499 0.0000158405788982 0.0005252626313157 0.00000000
access %, disaccess %, accessG %, disaccessG %
0.0023035949783342183, 0.0, 0.0023035752515521302, 0.0

|M| = 25
make network |V|=2000 |E|=4000
Accessible, ave_query, ave_time, TABLE_REQ
t          not_group              group  
0 0.8634317159 5.2876438219
1 0.9034517259 0.7183591796
2 0.9084542271 0.3728530932
3 0.9164582291 0.2601300650
4 0.9214607304 0.1923961981
5 0.9239619810 0.1524095381
6 0.9274637319 0.1259201029
7 0.9359679840 0.0994247124
8 0.9414707354 0.0809293536
9 0.9434717359 0.0668834417
10 0.9479739870 0.0567101733
11 0.9499749875 0.0491912623
12 0.9554777389 0.0428291069
13 0.9564782391 0.0372329022
14 0.9599799900 0.0340170085
15 0.9609804902 0.0297023512
16 0.9629814907 0.0272489186
17 0.9659829915 0.0241231727
18 0.9674837419 0.0214317685
19 0.9709854927 0.0186093047
20 0.9729864932 0.0158650754
21 0.9739869935 0.0144617763
22 0.9754877439 0.0133327533
23 0.9774887444 0.0120893780
24 0.9794897449 0.0106653327
25 0.9799899950 0.0096779159
26 0.9809904952 0.0088748078
27 0.9809904952 0.0084506539
28 0.9819909955 0.0078660020
29 0.9829914957 0.0074370519
access %, disaccess %
0.004184759770275949, 0.0
後半開始
30 0.9859929964982491 0.0001525371628584 0.0065516629282383 0.16000000| 0.9869934967483742 0.0002272521607493 0.0063418806177282 0.20000000
31 0.9899949974987494 0.0001504220116908 0.0054245872936468 0.08000000| 0.9904952476238119 0.0002097101316505 0.0052526263131566 0.16000000
32 0.9899949974987494 0.0001037295240858 0.0044567738414662 0.08000000| 0.9904952476238119 0.0001637303151709 0.0042900237997787 0.16000000
33 0.9904952476238119 0.0001033066447415 0.0042521260630315 0.08000000| 0.9909954977488744 0.0001595863034375 0.0040902804343348 0.16000000
34 0.9919959979989995 0.0000901956721115 0.0035446294575859 0.08000000| 0.9924962481240620 0.0001319727580389 0.0033874079897091 0.16000000
35 0.9924962481240620 0.0000694889309580 0.0030570840976044 0.08000000| 0.9929964982491246 0.0001116411594902 0.0029042298927241 0.16000000
36 0.9929964982491246 0.0000707115762180 0.0029338993821235 0.08000000| 0.9934967483741871 0.0001111994819512 0.0027851763719698 0.16000000
37 0.9929964982491246 0.0000606393215231 0.0027118822569179 0.04000000| 0.9934967483741871 0.0001043695863780 0.0025802374871646 0.16000000
38 0.9934967483741871 0.0000605824358799 0.0025525583304473 0.04000000| 0.9934967483741871 0.0001025113955348 0.0025140775515963 0.16000000
39 0.9934967483741871 0.0000628825811937 0.0024012006003001 0.08000000| 0.9934967483741871 0.0001031002144387 0.0023636818409205 0.16000000
40 0.9949974987493747 0.0000665654817166 0.0020864090581876 0.04000000| 0.9949974987493747 0.0000981104394440 0.0020498053905001 0.12000000
41 0.9949974987493747 0.0000417606251120 0.0017389647204555 0.04000000| 0.9949974987493747 0.0000731288348826 0.0017032325686653 0.12000000
42 0.9949974987493747 0.0000509812547103 0.0017101574042835 0.04000000| 0.9949974987493747 0.0000870434315381 0.0016752562327675 0.12000000
43 0.9949974987493747 0.0000514545438072 0.0016712901905498 0.04000000| 0.9949974987493747 0.0000892553736500 0.0016371822274774 0.12000000
44 0.9959979989994997 0.0000612310753358 0.0015229837140793 0.12000000| 0.9959979989994997 0.0001098316696843 0.0014896337057418 0.20000000
45 0.9959979989994997 0.0000609992874175 0.0014898753724688 0.12000000| 0.9959979989994997 0.0001069840044512 0.0014572503643126 0.20000000
46 0.9959979989994997 0.0000597234899141 0.0014581758964589 0.12000000| 0.9959979989994997 0.0001038228725890 0.0014262450374123 0.20000000
47 0.9964982491245623 0.0000382250863472 0.0012923128230782 0.12000000| 0.9964982491245623 0.0000732633641944 0.0012610471902618 0.20000000
48 0.9964982491245623 0.0000280811209025 0.0011128012986085 0.08000000| 0.9964982491245623 0.0000546327517278 0.0011128012986085 0.12000000
49 0.9964982491245623 0.0000269231657913 0.0010705352676338 0.08000000| 0.9964982491245623 0.0000536673948012 0.0010705352676338 0.12000000
50 0.9964982491245623 0.0000266409873036 0.0010495443800332 0.08000000| 0.9964982491245623 0.0000529235621362 0.0010495443800332 0.12000000
51 0.9969984992496248 0.0000277406489417 0.0009716396659868 0.08000000| 0.9969984992496248 0.0000533277139698 0.0009716396659868 0.12000000
52 0.9969984992496248 0.0000242677312321 0.0009061134340755 0.08000000| 0.9974987493746873 0.0000559657904102 0.0008966747524706 0.12000000
53 0.9974987493746873 0.0000242139703270 0.0008337502084376 0.08000000| 0.9979989994997499 0.0000547524470179 0.0008244863172327 0.12000000
54 0.9974987493746873 0.0000230238964496 0.0007731138296421 0.08000000| 0.9979989994997499 0.0000515592445742 0.0007640183728228 0.12000000
55 0.9974987493746873 0.0000225307090709 0.0007593082255413 0.08000000| 0.9979989994997499 0.0000501386131747 0.0007503751875938 0.12000000
56 0.9974987493746873 0.0000210257428495 0.0007459870286020 0.08000000| 0.9979989994997499 0.0000492896258485 0.0007372107106185 0.12000000
57 0.9979989994997499 0.0000202418426514 0.0006727501681875 0.08000000| 0.9979989994997499 0.0000426559919067 0.0006727501681875 0.12000000
58 0.9979989994997499 0.0000164598089337 0.0005935170975318 0.04000000| 0.9979989994997499 0.0000353659306389 0.0005935170975318 0.08000000
59 0.9979989994997499 0.0000159640659665 0.0005669501417375 0.04000000| 0.9979989994997499 0.0000345934643951 0.0005669501417375 0.08000000
access %, disaccess %, accessG %, disaccessG %
0.0023035949783342183, 0.0, 0.002303318834126794, 0.0

|M| = 30
make network |V|=2000 |E|=4000
Accessible, ave_query, ave_time, TABLE_REQ
t          not_group              group  
0 0.8634317159 5.2876438219
1 0.9034517259 0.7183591796
2 0.9084542271 0.3728530932
3 0.9164582291 0.2601300650
4 0.9214607304 0.1923961981
5 0.9239619810 0.1524095381
6 0.9274637319 0.1259201029
7 0.9359679840 0.0994247124
8 0.9414707354 0.0809293536
9 0.9434717359 0.0668834417
10 0.9479739870 0.0567101733
11 0.9499749875 0.0491912623
12 0.9554777389 0.0428291069
13 0.9564782391 0.0372329022
14 0.9599799900 0.0340170085
15 0.9609804902 0.0297023512
16 0.9629814907 0.0272489186
17 0.9659829915 0.0241231727
18 0.9674837419 0.0214317685
19 0.9709854927 0.0186093047
20 0.9729864932 0.0158650754
21 0.9739869935 0.0144617763
22 0.9754877439 0.0133327533
23 0.9774887444 0.0120893780
24 0.9794897449 0.0106653327
25 0.9799899950 0.0096779159
26 0.9809904952 0.0088748078
27 0.9809904952 0.0084506539
28 0.9819909955 0.0078660020
29 0.9829914957 0.0074370519
access %, disaccess %
0.004184759770275949, 0.0
後半開始
30 0.9864932466233116 0.0001534892443576 0.0064225661217706 0.16666667| 0.9869934967483742 0.0002728330577125 0.0063418806177282 0.23333333
31 0.9904952476238119 0.0001587921668733 0.0053151575787894 0.13333333| 0.9904952476238119 0.0002460327668450 0.0052526263131566 0.20000000
32 0.9904952476238119 0.0001114901361187 0.0043506601785741 0.13333333| 0.9904952476238119 0.0001974142627617 0.0042900237997787 0.20000000
33 0.9909954977488744 0.0001102954423740 0.0041491333902245 0.13333333| 0.9909954977488744 0.0001912496946076 0.0040902804343348 0.20000000
34 0.9924962481240620 0.0001178346300094 0.0034445794325734 0.13333333| 0.9929964982491246 0.0003029448832878 0.0033731151289931 0.16666667
35 0.9929964982491246 0.0000847722430365 0.0029598132399533 0.13333333| 0.9929964982491246 0.0001661211333382 0.0029042298927241 0.13333333
36 0.9934967483741871 0.0000817381977695 0.0028392574665711 0.13333333| 0.9934967483741871 0.0001429981888352 0.0027851763719698 0.13333333
37 0.9934967483741871 0.0000711674499542 0.0026197309180906 0.10000000| 0.9934967483741871 0.0001353280860218 0.0025802374871646 0.13333333
38 0.9934967483741871 0.0000714881049393 0.0025525583304473 0.10000000| 0.9934967483741871 0.0001374183361249 0.0025140775515963 0.13333333
39 0.9934967483741871 0.0000698473734996 0.0023886943471736 0.10000000| 0.9934967483741871 0.0001271617776337 0.0023511755877939 0.13333333
40 0.9949974987493747 0.0000897437215155 0.0021840188386876 0.10000000| 0.9949974987493747 0.0001457082700031 0.0021474151710001 0.13333333
41 0.9949974987493747 0.0000617074098607 0.0018342504585626 0.10000000| 0.9949974987493747 0.0001179364430745 0.0017985183067724 0.13333333
42 0.9949974987493747 0.0000728318569128 0.0018032271949928 0.10000000| 0.9949974987493747 0.0001337937127010 0.0017683260234769 0.13333333
43 0.9949974987493747 0.0000742877281630 0.0017622447587430 0.10000000| 0.9949974987493747 0.0001369813621719 0.0017281367956706 0.13333333
44 0.9959979989994997 0.0000871776507447 0.0016119170696459 0.16666667| 0.9959979989994997 0.0001650174379309 0.0015785670613084 0.20000000
45 0.9959979989994997 0.0000870121119890 0.0015768753942188 0.16666667| 0.9959979989994997 0.0001633020669781 0.0015442503860626 0.20000000
46 0.9959979989994997 0.0000857231485093 0.0015433248539163 0.16666667| 0.9959979989994997 0.0001660975831534 0.0015113939948698 0.20000000
47 0.9964982491245623 0.0000599938838784 0.0013756878439220 0.16666667| 0.9964982491245623 0.0001207147292421 0.0013444222111056 0.20000000
48 0.9964982491245623 0.0000480433749118 0.0011944747884146 0.13333333| 0.9964982491245623 0.0000935521440128 0.0011944747884146 0.13333333
49 0.9964982491245623 0.0000466593770518 0.0011505752876438 0.13333333| 0.9964982491245623 0.0000921351364578 0.0011505752876438 0.13333333
50 0.9964982491245623 0.0000468161185879 0.0011280149878861 0.13333333| 0.9964982491245623 0.0000912422352709 0.0011280149878861 0.13333333
51 0.9969984992496248 0.0000474300055890 0.0010486012236888 0.13333333| 0.9969984992496248 0.0000900136423069 0.0010486012236888 0.13333333
52 0.9969984992496248 0.0000473133858113 0.0009910615685201 0.13333333| 0.9974987493746873 0.0000929455456178 0.0009721842053102 0.13333333
53 0.9974987493746873 0.0000472903161092 0.0009171252292813 0.13333333| 0.9979989994997499 0.0000929012705512 0.0008985974468716 0.13333333
54 0.9974987493746873 0.0000435413738093 0.0008458774841966 0.10000000| 0.9979989994997499 0.0000853132109746 0.0008276865705580 0.10000000
55 0.9974987493746873 0.0000430260279296 0.0008307725291217 0.10000000| 0.9979989994997499 0.0000832456261301 0.0008129064532266 0.10000000
56 0.9974987493746873 0.0000427702923023 0.0008161975724704 0.10000000| 0.9979989994997499 0.0000830372972846 0.0007986449365033 0.10000000
57 0.9979989994997499 0.0000420435233619 0.0007417501854375 0.10000000| 0.9979989994997499 0.0000747489891362 0.0007331251832813 0.10000000
58 0.9979989994997499 0.0000351679260314 0.0006528688072850 0.06666667| 0.9979989994997499 0.0000618766631971 0.0006443899916060 0.06666667
59 0.9979989994997499 0.0000342162267276 0.0006253126563282 0.06666667| 0.9979989994997499 0.0000606703941119 0.0006169751542438 0.06666667
access %, disaccess %, accessG %, disaccessG %
0.002303437173537018, 0.0, 0.002303299112073911, 0.0

|M| = 35
make network |V|=2000 |E|=4000
Accessible, ave_query, ave_time, TABLE_REQ
t          not_group              group  
0 0.8634317159 5.2876438219
1 0.9034517259 0.7183591796
2 0.9084542271 0.3728530932
3 0.9164582291 0.2601300650
4 0.9214607304 0.1923961981
5 0.9239619810 0.1524095381
6 0.9274637319 0.1259201029
7 0.9359679840 0.0994247124
8 0.9414707354 0.0809293536
9 0.9434717359 0.0668834417
10 0.9479739870 0.0567101733
11 0.9499749875 0.0491912623
12 0.9554777389 0.0428291069
13 0.9564782391 0.0372329022
14 0.9599799900 0.0340170085
15 0.9609804902 0.0297023512
16 0.9629814907 0.0272489186
17 0.9659829915 0.0241231727
18 0.9674837419 0.0214317685
19 0.9709854927 0.0186093047
20 0.9729864932 0.0158650754
21 0.9739869935 0.0144617763
22 0.9754877439 0.0133327533
23 0.9774887444 0.0120893780
24 0.9794897449 0.0106653327
25 0.9799899950 0.0096779159
26 0.9809904952 0.0088748078
27 0.9809904952 0.0084506539
28 0.9819909955 0.0078660020
29 0.9829914957 0.0074370519
access %, disaccess %
0.004184759770275949, 0.0
後半開始
30 0.9874937468734367 0.0002212603246974 0.0062450580128774 0.22857143| 0.9889944972486243 0.0005771033223597 0.0059384530975165 0.31428571
31 0.9919959979989995 0.0001839036350253 0.0048774387193597 0.11428571| 0.9929964982491246 0.0004334955952834 0.0045960480240120 0.22857143
32 0.9919959979989995 0.0001493014354238 0.0041990692315855 0.11428571| 0.9929964982491246 0.0004018547915627 0.0039262055270059 0.22857143
33 0.9924962481240620 0.0001308752355780 0.0038842950887208 0.11428571| 0.9934967483741871 0.0003729217192706 0.0036783097431068 0.22857143
34 0.9939969984992496 0.0001242537789150 0.0032158936611163 0.11428571| 0.9944972486243121 0.0003141612498165 0.0031015507753877 0.17142857
35 0.9944972486243121 0.0000994713924903 0.0027374798510366 0.11428571| 0.9944972486243121 0.0002407714700521 0.0026818965038075 0.14285714
36 0.9949974987493747 0.0001012802917001 0.0026229330881657 0.11428571| 0.9949974987493747 0.0002392058313637 0.0025688519935643 0.14285714
37 0.9949974987493747 0.0000902409990554 0.0024090992864853 0.08571429| 0.9949974987493747 0.0002335962728566 0.0023696058555594 0.14285714
38 0.9949974987493747 0.0000879639049279 0.0023473275099088 0.08571429| 0.9949974987493747 0.0002297100699276 0.0023088467310578 0.14285714
39 0.9949974987493747 0.0001019449666955 0.0021885942971486 0.08571429| 0.9949974987493747 0.0002197025357753 0.0021510755377689 0.14285714
40 0.9964982491245623 0.0001183855049106 0.0019887992776876 0.08571429| 0.9964982491245623 0.0002313589380383 0.0019521956100001 0.14285714
41 0.9964982491245623 0.0000899818547358 0.0016436789823483 0.08571429| 0.9964982491245623 0.0002008412518648 0.0016079468305581 0.14285714
42 0.9964982491245623 0.0000963892723076 0.0016170876135742 0.08571429| 0.9964982491245623 0.0002120630786913 0.0015821864420582 0.14285714
43 0.9964982491245623 0.0000998007741044 0.0015803356223566 0.08571429| 0.9964982491245623 0.0002158248352427 0.0015462276592842 0.14285714
44 0.9964982491245623 0.0001055765414369 0.0015452170529709 0.11428571| 0.9964982491245623 0.0002242252564432 0.0015118670446334 0.17142857
45 0.9964982491245623 0.0001048778137797 0.0015116253779063 0.11428571| 0.9964982491245623 0.0002137484322206 0.0014790003697501 0.17142857
46 0.9964982491245623 0.0001035024578935 0.0014794631358232 0.11428571| 0.9964982491245623 0.0002130562758728 0.0014475322767767 0.17142857
47 0.9969984992496248 0.0000774780471901 0.0013131565782891 0.11428571| 0.9969984992496248 0.0001684530304733 0.0012818909454727 0.17142857
48 0.9969984992496248 0.0000646520545244 0.0011332196710600 0.08571429| 0.9969984992496248 0.0001298404443616 0.0011332196710600 0.11428571
49 0.9969984992496248 0.0000635519166062 0.0010905452726363 0.08571429| 0.9969984992496248 0.0001278248830340 0.0010905452726363 0.11428571
50 0.9969984992496248 0.0000624311311860 0.0010691620319964 0.08571429| 0.9969984992496248 0.0001250485651085 0.0010691620319964 0.11428571
51 0.9974987493746873 0.0000628020519630 0.0009908800554123 0.08571429| 0.9974987493746873 0.0001243701820426 0.0009908800554123 0.11428571
52 0.9974987493746873 0.0000645458145247 0.0009344294788904 0.08571429| 0.9974987493746873 0.0001144525928212 0.0009061134340755 0.11428571
53 0.9979989994997499 0.0000631445950311 0.0008615418820521 0.08571429| 0.9979989994997499 0.0001113521465918 0.0008337502084376 0.11428571
54 0.9979989994997499 0.0000487278870592 0.0007913047432807 0.05714286| 0.9979989994997499 0.0001022905047612 0.0007640183728228 0.08571429
55 0.9979989994997499 0.0000479893743851 0.0007771743014364 0.05714286| 0.9979989994997499 0.0001000780728038 0.0007503751875938 0.08571429
56 0.9979989994997499 0.0000472686139311 0.0007635396645691 0.05714286| 0.9979989994997499 0.0000993435960126 0.0007372107106185 0.08571429
57 0.9979989994997499 0.0000475858186537 0.0007503751875938 0.05714286| 0.9979989994997499 0.0000990362465613 0.0007245001811250 0.08571429
58 0.9979989994997499 0.0000470847129183 0.0007206993327172 0.05714286| 0.9979989994997499 0.0000969172605554 0.0006952628856801 0.05714286
59 0.9979989994997499 0.0000465195278774 0.0007086876771719 0.05714286| 0.9979989994997499 0.0000914632071450 0.0006836751709188 0.05714286
access %, disaccess %, accessG %, disaccessG %
0.002302372556403848, 0.0, 0.002302175513068483, 0.0

|M| = 45
make network |V|=2000 |E|=4000
Accessible, ave_query, ave_time, TABLE_REQ
t          not_group              group  
0 0.8634317159 5.2876438219
1 0.9034517259 0.7183591796
2 0.9084542271 0.3728530932
3 0.9164582291 0.2601300650
4 0.9214607304 0.1923961981
5 0.9239619810 0.1524095381
6 0.9274637319 0.1259201029
7 0.9359679840 0.0994247124
8 0.9414707354 0.0809293536
9 0.9434717359 0.0668834417
10 0.9479739870 0.0567101733
11 0.9499749875 0.0491912623
12 0.9554777389 0.0428291069
13 0.9564782391 0.0372329022
14 0.9599799900 0.0340170085
15 0.9609804902 0.0297023512
16 0.9629814907 0.0272489186
17 0.9659829915 0.0241231727
18 0.9674837419 0.0214317685
19 0.9709854927 0.0186093047
20 0.9729864932 0.0158650754
21 0.9739869935 0.0144617763
22 0.9754877439 0.0133327533
23 0.9774887444 0.0120893780
24 0.9794897449 0.0106653327
25 0.9799899950 0.0096779159
26 0.9809904952 0.0088748078
27 0.9809904952 0.0084506539
28 0.9819909955 0.0078660020
29 0.9829914957 0.0074370519
access %, disaccess %
0.004184759770275949, 0.0
後半開始
30 0.9874937468734367 0.0002206913926929 0.0060998241056012 0.22222222| 0.9894947473736868 0.0008702960778665 0.0057609449886233 0.35555556
31 0.9924962481240620 0.0002303721085973 0.0048930715357679 0.15555556| 0.9934967483741871 0.0008289594465998 0.0045960480240120 0.24444444
32 0.9924962481240620 0.0002149583166925 0.0043658192732730 0.15555556| 0.9934967483741871 0.0007965418388428 0.0040777964739946 0.24444444
33 0.9929964982491246 0.0001925204418506 0.0041049936733072 0.15555556| 0.9939969984992496 0.0007323522359800 0.0038254421328311 0.24444444
34 0.9944972486243121 0.0001811196616113 0.0034731651540056 0.15555556| 0.9949974987493747 0.0005917543783238 0.0032873579646966 0.20000000
35 0.9949974987493747 0.0001573121625224 0.0029876049135679 0.15555556| 0.9949974987493747 0.0005088522404947 0.0028625423823023 0.17777778
36 0.9949974987493747 0.0001450675272312 0.0028933385611725 0.15555556| 0.9949974987493747 0.0004204034969696 0.0027851763719698 0.15555556
37 0.9949974987493747 0.0001244254029509 0.0026723888259919 0.13333333| 0.9949974987493747 0.0004166466362251 0.0025802374871646 0.15555556
38 0.9949974987493747 0.0001367588707204 0.0026038660355819 0.13333333| 0.9949974987493747 0.0004471325384714 0.0025140775515963 0.15555556
39 0.9949974987493747 0.0001368992116345 0.0024387193596798 0.13333333| 0.9949974987493747 0.0004019163530311 0.0023511755877939 0.15555556
40 0.9964982491245623 0.0001585888163578 0.0022328237289376 0.13333333| 0.9964982491245623 0.0004251822730159 0.0021474151710001 0.15555556
41 0.9964982491245623 0.0001272544271538 0.0019176254794064 0.13333333| 0.9964982491245623 0.0003946671027795 0.0018342504585626 0.15555556
42 0.9964982491245623 0.0001275242196677 0.0018730295380248 0.13333333| 0.9964982491245623 0.0003714842521009 0.0017915934711542 0.15555556
43 0.9964982491245623 0.0001221009212430 0.0018304606848879 0.13333333| 0.9964982491245623 0.0003750402912544 0.0017508754377189 0.15555556
44 0.9964982491245623 0.0001245153280927 0.0017897837807793 0.13333333| 0.9964982491245623 0.0003718343771529 0.0017119670946584 0.15555556
45 0.9964982491245623 0.0001242500506128 0.0017508754377189 0.13333333| 0.9964982491245623 0.0003693593000296 0.0016747504186876 0.15555556
46 0.9964982491245623 0.0000986270767103 0.0016391174310560 0.13333333| 0.9964982491245623 0.0002845484289282 0.0015646120932807 0.15555556
47 0.9969984992496248 0.0000968797044474 0.0014903284975821 0.13333333| 0.9969984992496248 0.0002814040087413 0.0014173753543438 0.15555556
48 0.9969984992496248 0.0000878241833493 0.0013271942093496 0.13333333| 0.9969984992496248 0.0002547913350462 0.0012863574644465 0.13333333
49 0.9969984992496248 0.0000876401698011 0.0012806403201601 0.13333333| 0.9969984992496248 0.0002466268405848 0.0012406203101551 0.13333333
50 0.9969984992496248 0.0000803879025786 0.0012555297256471 0.13333333| 0.9969984992496248 0.0002268465631986 0.0012162944217207 0.13333333
51 0.9974987493746873 0.0000876353236295 0.0011736637549544 0.13333333| 0.9974987493746873 0.0002459113648422 0.0011351829761034 0.13333333
52 0.9974987493746873 0.0000797984196061 0.0011137644293845 0.13333333| 0.9974987493746873 0.0002285379341217 0.0010665710213597 0.13333333
53 0.9979989994997499 0.0000752041343541 0.0010375558149445 0.13333333| 0.9979989994997499 0.0002056170231686 0.0009912363589202 0.13333333
54 0.9979989994997499 0.0000626612579174 0.0009641184228478 0.11111111| 0.9979989994997499 0.0001853558760103 0.0009186411387512 0.11111111
55 0.9979989994997499 0.0000671527128091 0.0009469020224398 0.11111111| 0.9979989994997499 0.0001968031852025 0.0009022368327021 0.11111111
56 0.9979989994997499 0.0000682810990981 0.0009302897062566 0.11111111| 0.9979989994997499 0.0001992491558085 0.0008864081163389 0.11111111
57 0.9979989994997499 0.0000850596169392 0.0009142502285626 0.11111111| 0.9979989994997499 0.0002314093953133 0.0008711252177813 0.11111111
58 0.9979989994997499 0.0000589156544810 0.0008987544619768 0.11111111| 0.9979989994997499 0.0001781495862043 0.0008563603835816 0.11111111
59 0.9979989994997499 0.0000585198303014 0.0008837752209438 0.11111111| 0.9979989994997499 0.0001778060860767 0.0008420877105219 0.11111111
access %, disaccess %, accessG %, disaccessG %
0.0023022740305201086, 0.0, 0.0023020573032554, 0.0

|M| = 50
make network |V|=2000 |E|=4000
Accessible, ave_query, ave_time, TABLE_REQ
t          not_group              group  
0 0.8634317159 5.2876438219
1 0.9034517259 0.7183591796
2 0.9084542271 0.3728530932
3 0.9164582291 0.2601300650
4 0.9214607304 0.1923961981
5 0.9239619810 0.1524095381
6 0.9274637319 0.1259201029
7 0.9359679840 0.0994247124
8 0.9414707354 0.0809293536
9 0.9434717359 0.0668834417
10 0.9479739870 0.0567101733
11 0.9499749875 0.0491912623
12 0.9554777389 0.0428291069
13 0.9564782391 0.0372329022
14 0.9599799900 0.0340170085
15 0.9609804902 0.0297023512
16 0.9629814907 0.0272489186
17 0.9659829915 0.0241231727
18 0.9674837419 0.0214317685
19 0.9709854927 0.0186093047
20 0.9729864932 0.0158650754
21 0.9739869935 0.0144617763
22 0.9754877439 0.0133327533
23 0.9774887444 0.0120893780
24 0.9794897449 0.0106653327
25 0.9799899950 0.0096779159
26 0.9809904952 0.0088748078
27 0.9809904952 0.0084506539
28 0.9819909955 0.0078660020
29 0.9829914957 0.0074370519
access %, disaccess %
0.004184759770275949, 0.0
後半開始
30 0.9879939969984992 0.0002376996183328 0.0060191386015588 0.22000000| 0.9904952476238119 0.0010803603362655 0.0053575174684116 0.42000000
31 0.9924962481240620 0.0002245631752878 0.0048305402701351 0.16000000| 0.9944972486243121 0.0010561780923006 0.0042052276138069 0.32000000
32 0.9924962481240620 0.0002114261241373 0.0044567738414662 0.16000000| 0.9939969984992496 0.0009269345742209 0.0038807282429093 0.32000000
33 0.9929964982491246 0.0002015381897997 0.0041932731071418 0.16000000| 0.9944972486243121 0.0008849420489394 0.0036341700261896 0.32000000
34 0.9944972486243121 0.0001926569467377 0.0035446294575859 0.16000000| 0.9949974987493747 0.0007304085848935 0.0031301364968198 0.28000000
35 0.9949974987493747 0.0001775347154817 0.0031682507920627 0.16000000| 0.9949974987493747 0.0006148464438132 0.0028208548718804 0.26000000
36 0.9949974987493747 0.0001663798395433 0.0031231832132282 0.12000000| 0.9949974987493747 0.0005618828186218 0.0028527777402215 0.24000000
37 0.9949974987493747 0.0001536022163279 0.0030409941813012 0.12000000| 0.9949974987493747 0.0005531487804256 0.0027777046417946 0.24000000
38 0.9949974987493747 0.0001457849624573 0.0028347507086877 0.12000000| 0.9949974987493747 0.0005417571999514 0.0025782121830146 0.24000000
39 0.9949974987493747 0.0001561512017978 0.0026638319159580 0.12000000| 0.9949974987493747 0.0005227341450352 0.0024137068534267 0.24000000
40 0.9964982491245623 0.0001719506302748 0.0024524457350627 0.12000000| 0.9959979989994997 0.0005148478850222 0.0022206225063751 0.24000000
41 0.9964982491245623 0.0001555932062544 0.0022511255627814 0.12000000| 0.9959979989994997 0.0004781298033208 0.0020248219347769 0.24000000
42 0.9964982491245623 0.0001535236329974 0.0021987738055074 0.12000000| 0.9959979989994997 0.0004709794674800 0.0019777330525728 0.24000000
43 0.9964982491245623 0.0001531474678886 0.0021488016735641 0.12000000| 0.9959979989994997 0.0004691532496416 0.0019327845741052 0.24000000
44 0.9964982491245623 0.0001526930328076 0.0021010505252626 0.12000000| 0.9959979989994997 0.0004578876532467 0.0018898338057918 0.24000000
45 0.9964982491245623 0.0001556488653325 0.0020010005002501 0.14000000| 0.9964982491245623 0.0005176230621081 0.0017943754485939 0.24000000
46 0.9964982491245623 0.0001365960189275 0.0018839206837461 0.14000000| 0.9964982491245623 0.0004655689703057 0.0017455536278778 0.22000000
47 0.9969984992496248 0.0001295973718097 0.0017612973153243 0.14000000| 0.9969984992496248 0.0004044058587485 0.0016049691512423 0.20000000
48 0.9969984992496248 0.0001193843592928 0.0015926330512195 0.14000000| 0.9969984992496248 0.0003564662234093 0.0014701228165103 0.18000000
49 0.9969984992496248 0.0001164708965239 0.0014807403701851 0.14000000| 0.9969984992496248 0.0003419770426366 0.0013506753376688 0.18000000
50 0.9969984992496248 0.0001149495157398 0.0014517062452795 0.14000000| 0.9969984992496248 0.0003361771071150 0.0013241915075185 0.18000000
51 0.9974987493746873 0.0001157197514829 0.0013660676492092 0.14000000| 0.9974987493746873 0.0003317840680908 0.0012410051179436 0.18000000
52 0.9974987493746873 0.0001154758076713 0.0013025380614836 0.14000000| 0.9974987493746873 0.0003229750749061 0.0011609578374093 0.18000000
53 0.9979989994997499 0.0001149905202140 0.0012228336390417 0.14000000| 0.9979989994997499 0.0003226149630600 0.0010838752709688 0.18000000
54 0.9979989994997499 0.0000988682477947 0.0011187411887762 0.12000000| 0.9979989994997499 0.0002916438348937 0.0009823093364864 0.16000000
55 0.9979989994997499 0.0000973156831250 0.0010987636675481 0.12000000| 0.9979989994997499 0.0002870297215558 0.0009647680983349 0.16000000
56 0.9979989994997499 0.0000977164519310 0.0010794871119770 0.12000000| 0.9979989994997499 0.0002863099483959 0.0009478423422237 0.16000000
57 0.9979989994997499 0.0000930365405514 0.0011212502803126 0.12000000| 0.9979989994997499 0.0002806728732721 0.0009401252350313 0.16000000
58 0.9979989994997499 0.0000926870000359 0.0011022460382734 0.12000000| 0.9979989994997499 0.0002827746757699 0.0009241909090138 0.16000000
59 0.9979989994997499 0.0000914907244736 0.0010838752709688 0.12000000| 0.9979989994997499 0.0002798084181429 0.0009087877271969 0.16000000
access %, disaccess %, accessG %, disaccessG %
0.002302254326355249, 0.0, 0.002310595363405304, 0.00032393909944930353