|M| = 0
make network |V|=2000 |E|=4000
                flare                          flare.re  
t, Accessible, ave_query, ave_time, TABLE_REQ
00 0.8719359680 5.1920960480 0.1282563307 0.00000000 0.8719359680 5.1920960480 0.1282841532 0.00000000
01 0.9109554777 1.6098049025 0.0219284544 0.00000000 0.9109554777 1.6098049025 0.0219908343 0.00000000
02 0.9129564782 1.2481240620 0.0110266330 0.00000000 0.9129564782 1.2481240620 0.0110517914 0.00000000
03 0.9169584792 1.4622311156 0.0212091064 0.00000000 0.9169584792 1.4622311156 0.0212449288 0.00000000
04 0.9219609805 1.2061030515 0.0120276972 0.00000000 0.9219609805 1.2061030515 0.0120912617 0.00000000
05 0.9244622311 1.4382191096 0.0180629358 0.00000000 0.9244622311 1.4382191096 0.0180993141 0.00000000
06 0.9304652326 1.2646323162 0.0141132350 0.00000000 0.9304652326 1.2646323162 0.0141482543 0.00000000
07 0.9314657329 1.3036518259 0.0176583626 0.00000000 0.9314657329 1.3036518259 0.0177917932 0.00000000
08 0.9349674837 1.2191095548 0.0136955972 0.00000000 0.9349674837 1.2191095548 0.0137105474 0.00000000
09 0.9339669835 1.3641820910 0.0208729254 0.00000000 0.9339669835 1.3641820910 0.0208243335 0.00000000
10 0.9379689845 1.2346173087 0.0144088742 0.00000000 0.9379689845 1.2346173087 0.0144462371 0.00000000
11 0.9389694847 1.1380690345 0.0118394010 0.00000000 0.9389694847 1.1380690345 0.0118714397 0.00000000
12 0.9424712356 1.1200600300 0.0126691536 0.00000000 0.9424712356 1.1200600300 0.0126757847 0.00000000
13 0.9484742371 1.2386193097 0.0212856127 0.00000000 0.9484742371 1.2386193097 0.0212810518 0.00000000
14 0.9454727364 1.4047023512 0.0191677116 0.00000000 0.9454727364 1.4047023512 0.0191814353 0.00000000
15 0.9484742371 1.1370685343 0.0127856587 0.00000000 0.9484742371 1.1370685343 0.0127971890 0.00000000
16 0.9514757379 1.1520760380 0.0146993699 0.00000000 0.9514757379 1.1520760380 0.0147077046 0.00000000
17 0.9554777389 1.1305652826 0.0140925606 0.00000000 0.9554777389 1.1305652826 0.0141275119 0.00000000
18 0.9554777389 1.2981490745 0.0212265379 0.00000000 0.9554777389 1.2981490745 0.0212434494 0.00000000
19 0.9514757379 1.2386193097 0.0190881295 0.00000000 0.9514757379 1.2386193097 0.0191675344 0.00000000
20 0.9514757379 1.1825912956 0.0148392988 0.00000000 0.9514757379 1.1825912956 0.0148306619 0.00000000
21 0.9524762381 1.4862431216 0.0226245122 0.00000000 0.9524762381 1.4862431216 0.0226937224 0.00000000
22 0.9574787394 1.1000500250 0.0116147219 0.00000000 0.9574787394 1.1000500250 0.0116705020 0.00000000
23 0.9624812406 1.0135067534 0.0149286948 0.00000000 0.9624812406 1.0135067534 0.0149250023 0.00000000
24 0.9624812406 0.9369684842 0.0108620067 0.00000000 0.9624812406 0.9369684842 0.0109001803 0.00000000
25 0.9619809905 0.8999499750 0.0114150324 0.00000000 0.9619809905 0.8999499750 0.0114423681 0.00000000
26 0.9634817409 0.8689344672 0.0090692315 0.00000000 0.9634817409 0.8689344672 0.0090962233 0.00000000
27 0.9634817409 1.0080040020 0.0138358916 0.00000000 0.9634817409 1.0080040020 0.0138537068 0.00000000
28 0.9564782391 1.1710855428 0.0166633644 0.00000000 0.9564782391 1.1710855428 0.0166779441 0.00000000
29 0.9604802401 1.1055527764 0.0166926582 0.00000000 0.9604802401 1.1055527764 0.0167008193 0.00000000
30 0.9634817409 1.0185092546 0.0165694245 0.00000000 0.9634817409 1.0185092546 0.0165720127 0.00000000
31 0.9624812406 1.0095047524 0.0150663373 0.00000000 0.9624812406 1.0095047524 0.0150969263 0.00000000
32 0.9614807404 0.9869934967 0.0131668897 0.00000000 0.9614807404 0.9869934967 0.0131986398 0.00000000
33 0.9619809905 0.9519759880 0.0131387027 0.00000000 0.9619809905 0.9519759880 0.0131178547 0.00000000
34 0.9644822411 0.9529764882 0.0138287938 0.00000000 0.9644822411 0.9529764882 0.0138863183 0.00000000
35 0.9649824912 0.8814407204 0.0111813583 0.00000000 0.9649824912 0.8814407204 0.0112196218 0.00000000
36 0.9659829915 1.1010505253 0.0164779665 0.00000000 0.9659829915 1.1010505253 0.0165228613 0.00000000
37 0.9689844922 0.9109554777 0.0130135938 0.00000000 0.9689844922 0.9109554777 0.0130129157 0.00000000
38 0.9684842421 1.1140570285 0.0191127300 0.00000000 0.9684842421 1.1140570285 0.0191344177 0.00000000
39 0.9684842421 1.0350175088 0.0160194071 0.00000000 0.9684842421 1.0350175088 0.0160105252 0.00000000
40 0.9689844922 1.0740370185 0.0185033019 0.00000000 0.9689844922 1.0740370185 0.0185503266 0.00000000
41 0.9664832416 0.8744372186 0.0108737776 0.00000000 0.9664832416 0.8744372186 0.0109098658 0.00000000
42 0.9644822411 0.9019509755 0.0128541937 0.00000000 0.9644822411 0.9019509755 0.0128988459 0.00000000
43 0.9609804902 0.9779889945 0.0139300964 0.00000000 0.9609804902 0.9779889945 0.0139811814 0.00000000
44 0.9644822411 1.1990995498 0.0234053926 0.00000000 0.9644822411 1.1990995498 0.0234520030 0.00000000
45 0.9594797399 1.1105552776 0.0168131799 0.00000000 0.9594797399 1.1105552776 0.0168527858 0.00000000
46 0.9599799900 1.1135567784 0.0187759042 0.00000000 0.9599799900 1.1135567784 0.0188143067 0.00000000
47 0.9629814907 1.0135067534 0.0168206909 0.00000000 0.9629814907 1.0135067534 0.0168559145 0.00000000
48 0.9614807404 0.9054527264 0.0116318181 0.00000000 0.9614807404 0.9054527264 0.0116646545 0.00000000
49 0.9619809905 0.9719859930 0.0128214350 0.00000000 0.9619809905 0.9719859930 0.0128607928 0.00000000
50 0.9634817409 0.9694847424 0.0148972316 0.00000000 0.9634817409 0.9694847424 0.0149086669 0.00000000
51 0.9644822411 0.8509254627 0.0113811312 0.00000000 0.9644822411 0.8509254627 0.0114514495 0.00000000
52 0.9669834917 0.8779389695 0.0133658138 0.00000000 0.9669834917 0.8779389695 0.0133861371 0.00000000
53 0.9669834917 0.8409204602 0.0128517143 0.00000000 0.9669834917 0.8409204602 0.0128841436 0.00000000
54 0.9609804902 0.9184592296 0.0129106083 0.00000000 0.9609804902 0.9184592296 0.0129248961 0.00000000
55 0.9619809905 0.7918959480 0.0101435091 0.00000000 0.9619809905 0.7918959480 0.0101478458 0.00000000
56 0.9594797399 0.9379689845 0.0148889732 0.00000000 0.9594797399 0.9379689845 0.0149006486 0.00000000
57 0.9614807404 0.8424212106 0.0122581156 0.00000000 0.9614807404 0.8424212106 0.0122826779 0.00000000
58 0.9604802401 0.8899449725 0.0128467626 0.00000000 0.9604802401 0.8899449725 0.0128235021 0.00000000
59 0.9649824912 0.8819409705 0.0144962697 0.00000000 0.9649824912 0.8819409705 0.0145458830 0.00000000
|M| = 5
make network |V|=2000 |E|=4000
                flare                          flare.re  
t, Accessible, ave_query, ave_time, TABLE_REQ
00 0.8719359680 5.1920960480 0.1306402402 0.00000000 0.8719359680 5.1920960480 0.1307038088 0.00000000
01 0.9109554777 1.6098049025 0.0223215168 0.00000000 0.9109554777 1.6098049025 0.0223365861 0.00000000
02 0.9129564782 1.2481240620 0.0112268103 0.00000000 0.9129564782 1.2481240620 0.0112587472 0.00000000
03 0.9169584792 1.4622311156 0.0214209194 0.00000000 0.9169584792 1.4622311156 0.0214354382 0.00000000
04 0.9219609805 1.2061030515 0.0121647609 0.00000000 0.9219609805 1.2061030515 0.0121302583 0.00000000
05 0.9244622311 1.4382191096 0.0181815828 0.00000000 0.9244622311 1.4382191096 0.0181925793 0.00000000
06 0.9304652326 1.2646323162 0.0142050695 0.00000000 0.9304652326 1.2646323162 0.0142520903 0.00000000
07 0.9314657329 1.3036518259 0.0176430928 0.00000000 0.9314657329 1.3036518259 0.0176855341 0.00000000
08 0.9349674837 1.2191095548 0.0137025376 0.00000000 0.9349674837 1.2191095548 0.0137434391 0.00000000
09 0.9339669835 1.3641820910 0.0208272649 0.00000000 0.9339669835 1.3641820910 0.0208207899 0.00000000
10 0.9379689845 1.2346173087 0.0144772570 0.00000000 0.9379689845 1.2346173087 0.0144904256 0.00000000
11 0.9389694847 1.1380690345 0.0118179363 0.00000000 0.9389694847 1.1380690345 0.0118176553 0.00000000
12 0.9424712356 1.1200600300 0.0126050622 0.00000000 0.9424712356 1.1200600300 0.0126340338 0.00000000
13 0.9484742371 1.2386193097 0.0211370183 0.00000000 0.9484742371 1.2386193097 0.0211622793 0.00000000
14 0.9454727364 1.4047023512 0.0190469330 0.00000000 0.9454727364 1.4047023512 0.0190847639 0.00000000
15 0.9484742371 1.1370685343 0.0127683323 0.00000000 0.9484742371 1.1370685343 0.0127722853 0.00000000
16 0.9514757379 1.1520760380 0.0145603830 0.00000000 0.9514757379 1.1520760380 0.0146121652 0.00000000
17 0.9554777389 1.1305652826 0.0139016011 0.00000000 0.9554777389 1.1305652826 0.0139173387 0.00000000
18 0.9554777389 1.2981490745 0.0205246096 0.00000000 0.9554777389 1.2981490745 0.0205860243 0.00000000
19 0.9514757379 1.2386193097 0.0179360881 0.00000000 0.9514757379 1.2386193097 0.0179565362 0.00000000
20 0.9514757379 1.1825912956 0.0146235134 0.00000000 0.9514757379 1.1825912956 0.0146736657 0.00000000
21 0.9524762381 1.4862431216 0.0224546993 0.00000000 0.9524762381 1.4862431216 0.0225204489 0.00000000
22 0.9574787394 1.1000500250 0.0115818494 0.00000000 0.9574787394 1.1000500250 0.0116272592 0.00000000
23 0.9624812406 1.0135067534 0.0148092923 0.00000000 0.9624812406 1.0135067534 0.0148297351 0.00000000
24 0.9624812406 0.9369684842 0.0107057501 0.00000000 0.9624812406 0.9369684842 0.0107516517 0.00000000
25 0.9619809905 0.8999499750 0.0112454555 0.00000000 0.9619809905 0.8999499750 0.0112791584 0.00000000
26 0.9634817409 0.8689344672 0.0090028939 0.00000000 0.9634817409 0.8689344672 0.0090372695 0.00000000
27 0.9634817409 1.0080040020 0.0137327050 0.00000000 0.9634817409 1.0080040020 0.0137437640 0.00000000
28 0.9564782391 1.1710855428 0.0165236025 0.00000000 0.9564782391 1.1710855428 0.0165420305 0.00000000
29 0.9604802401 1.1055527764 0.0165114527 0.00000000 0.9604802401 1.1055527764 0.0165795802 0.00000000
30 0.9639819910 1.0090045023 0.0164817262 2.00000000 0.9639819910 0.9984992496 0.0171118176 12.00000000
31 0.9629814907 0.9874937469 0.0150170364 1.20000000 0.9639819910 0.9694847424 0.0152154897 12.00000000
32 0.9619809905 0.9694847424 0.0130805979 1.00000000 0.9639819910 0.9429714857 0.0142001094 13.00000000
33 0.9624812406 0.9359679840 0.0130283376 1.00000000 0.9644822411 0.9134567284 0.0146209624 13.40000000
34 0.9654827414 0.9304652326 0.0136729369 0.60000000 0.9674837419 0.8979489745 0.0149119661 11.80000000
35 0.9659829915 0.8624312156 0.0110369490 0.80000000 0.9679839920 0.8294147074 0.0119187657 11.00000000
36 0.9664832416 1.0785392696 0.0160912625 1.80000000 0.9684842421 1.0450225113 0.0168564421 23.00000000
37 0.9684842421 0.9014507254 0.0128416522 1.80000000 0.9714857429 0.8594297149 0.0142176482 15.00000000
38 0.9679839920 1.1040520260 0.0188260764 1.80000000 0.9704852426 1.0600300150 0.0209794920 20.20000000
39 0.9684842421 1.0300150075 0.0158343966 2.00000000 0.9704852426 0.9909954977 0.0178034914 14.60000000
40 0.9709854927 1.0535267634 0.0193413870 2.00000000 0.9724862431 1.0155077539 0.0212964859 14.00000000
41 0.9684842421 0.8389194597 0.0107449991 0.80000000 0.9699849925 0.8064032016 0.0120922480 11.80000000
42 0.9664832416 0.8594297149 0.0124468683 1.00000000 0.9684842421 0.8174087044 0.0144940953 13.00000000
43 0.9629814907 0.9424712356 0.0132139613 1.20000000 0.9674837419 0.9074537269 0.0184999683 25.80000000
44 0.9659829915 1.1720860430 0.0231456751 1.80000000 0.9709854927 1.1330665333 0.0270886563 27.80000000
45 0.9609804902 1.0955477739 0.0167336873 1.40000000 0.9669834917 1.0535267634 0.0219010594 28.00000000
46 0.9609804902 1.1090545273 0.0185449678 1.80000000 0.9664832416 1.0775387694 0.0228117317 35.40000000
47 0.9639819910 1.0160080040 0.0165108977 2.20000000 0.9709854927 0.9684842421 0.0201205820 31.60000000
48 0.9619809905 0.9084542271 0.0120392169 2.00000000 0.9659829915 0.8859429715 0.0148226165 18.20000000
49 0.9624812406 0.9784892446 0.0128455540 1.60000000 0.9654827414 0.9434717359 0.0149131599 20.20000000
50 0.9639819910 0.9814907454 0.0155377206 1.60000000 0.9669834917 0.9629814907 0.0170023786 18.60000000
51 0.9634817409 0.8699349675 0.0113695523 1.40000000 0.9679839920 0.8454227114 0.0131405021 14.40000000
52 0.9659829915 0.9069534767 0.0136320027 2.00000000 0.9709854927 0.8419209605 0.0161415251 25.40000000
53 0.9659829915 0.8554277139 0.0125069155 1.40000000 0.9689844922 0.8394197099 0.0141196726 15.60000000
54 0.9589794897 0.9589794897 0.0131448483 2.00000000 0.9614807404 0.9234617309 0.0146492238 16.20000000
55 0.9594797399 0.8579289645 0.0107952239 2.20000000 0.9634817409 0.8124062031 0.0118390821 17.80000000
56 0.9609804902 0.9104552276 0.0142169027 2.00000000 0.9644822411 0.8824412206 0.0151572776 17.20000000
57 0.9629814907 0.8374187094 0.0113142974 1.60000000 0.9664832416 0.7933966983 0.0115635562 11.80000000
58 0.9609804902 0.9134567284 0.0129065134 1.80000000 0.9649824912 0.8699349675 0.0142443442 12.80000000
59 0.9649824912 0.9124562281 0.0145921064 1.40000000 0.9689844922 0.8559279640 0.0155251962 14.80000000
|M| = 10
make network |V|=2000 |E|=4000
                flare                          flare.re  
t, Accessible, ave_query, ave_time, TABLE_REQ
00 0.8719359680 5.1920960480 0.1301606570 0.00000000 0.8719359680 5.1920960480 0.1302126218 0.00000000
01 0.9109554777 1.6098049025 0.0221026230 0.00000000 0.9109554777 1.6098049025 0.0221489065 0.00000000
02 0.9129564782 1.2481240620 0.0111363076 0.00000000 0.9129564782 1.2481240620 0.0111525910 0.00000000
03 0.9169584792 1.4622311156 0.0212838895 0.00000000 0.9169584792 1.4622311156 0.0213404086 0.00000000
04 0.9219609805 1.2061030515 0.0121011148 0.00000000 0.9219609805 1.2061030515 0.0121023893 0.00000000
05 0.9244622311 1.4382191096 0.0181157484 0.00000000 0.9244622311 1.4382191096 0.0181691814 0.00000000
06 0.9304652326 1.2646323162 0.0141250935 0.00000000 0.9304652326 1.2646323162 0.0142043378 0.00000000
07 0.9314657329 1.3036518259 0.0175415334 0.00000000 0.9314657329 1.3036518259 0.0175934715 0.00000000
08 0.9349674837 1.2191095548 0.0144276203 0.00000000 0.9349674837 1.2191095548 0.0141344867 0.00000000
09 0.9339669835 1.3641820910 0.0229580243 0.00000000 0.9339669835 1.3641820910 0.0233478917 0.00000000
10 0.9379689845 1.2346173087 0.0155477841 0.00000000 0.9379689845 1.2346173087 0.0157392751 0.00000000
11 0.9389694847 1.1380690345 0.0133646889 0.00000000 0.9389694847 1.1380690345 0.0133421159 0.00000000
12 0.9424712356 1.1200600300 0.0142351675 0.00000000 0.9424712356 1.1200600300 0.0142138416 0.00000000
13 0.9484742371 1.2386193097 0.0254897468 0.00000000 0.9484742371 1.2386193097 0.0253008095 0.00000000
14 0.9454727364 1.4047023512 0.0219398668 0.00000000 0.9454727364 1.4047023512 0.0219690803 0.00000000
15 0.9484742371 1.1370685343 0.0154451095 0.00000000 0.9484742371 1.1370685343 0.0154768020 0.00000000
16 0.9514757379 1.1520760380 0.0178558791 0.00000000 0.9514757379 1.1520760380 0.0178317915 0.00000000
17 0.9554777389 1.1305652826 0.0167106131 0.00000000 0.9554777389 1.1305652826 0.0168175534 0.00000000
18 0.9554777389 1.2981490745 0.0254955137 0.00000000 0.9554777389 1.2981490745 0.0252511710 0.00000000
19 0.9514757379 1.2386193097 0.0214032228 0.00000000 0.9514757379 1.2386193097 0.0216597782 0.00000000
20 0.9514757379 1.1825912956 0.0172645973 0.00000000 0.9514757379 1.1825912956 0.0174056097 0.00000000
21 0.9524762381 1.4862431216 0.0246918025 0.00000000 0.9524762381 1.4862431216 0.0246234108 0.00000000
22 0.9574787394 1.1000500250 0.0123788472 0.00000000 0.9574787394 1.1000500250 0.0124056255 0.00000000
23 0.9624812406 1.0135067534 0.0157662150 0.00000000 0.9624812406 1.0135067534 0.0158504000 0.00000000
24 0.9624812406 0.9369684842 0.0125809552 0.00000000 0.9624812406 0.9369684842 0.0126361393 0.00000000
25 0.9619809905 0.8999499750 0.0121081692 0.00000000 0.9619809905 0.8999499750 0.0121454444 0.00000000
26 0.9634817409 0.8689344672 0.0103000991 0.00000000 0.9634817409 0.8689344672 0.0103498697 0.00000000
27 0.9634817409 1.0080040020 0.0144019994 0.00000000 0.9634817409 1.0080040020 0.0144185514 0.00000000
28 0.9564782391 1.1710855428 0.0175057518 0.00000000 0.9564782391 1.1710855428 0.0174837114 0.00000000
29 0.9604802401 1.1055527764 0.0190956755 0.00000000 0.9604802401 1.1055527764 0.0192209092 0.00000000
30 0.9644822411 1.0070035018 0.0181723510 1.80000000 0.9659829915 0.9774887444 0.0207065321 9.80000000
31 0.9634817409 0.9769884942 0.0187660255 1.60000000 0.9654827414 0.9409704852 0.0216044788 8.60000000
32 0.9624812406 0.9604802401 0.0150815167 1.40000000 0.9659829915 0.9194597299 0.0181997638 9.20000000
33 0.9629814907 0.9264632316 0.0132556086 1.10000000 0.9654827414 0.8979489745 0.0170683955 9.70000000
34 0.9654827414 0.9224612306 0.0137233386 0.70000000 0.9689844922 0.8794397199 0.0177693912 8.60000000
35 0.9664832416 0.8499249625 0.0111347327 0.80000000 0.9704852426 0.8119059530 0.0144103372 8.70000000
36 0.9679839920 1.0590295148 0.0163234069 1.50000000 0.9719859930 1.0220110055 0.0199748733 15.10000000
37 0.9694847424 0.8829414707 0.0140274407 1.60000000 0.9744872436 0.8264132066 0.0163987960 10.50000000
38 0.9689844922 1.0735367684 0.0185876706 1.50000000 0.9724862431 1.0060030015 0.0212437106 13.70000000
39 0.9694847424 1.0145072536 0.0163700452 1.80000000 0.9729864932 0.9619809905 0.0195057241 11.70000000
40 0.9684842421 1.0890445223 0.0196954426 1.90000000 0.9729864932 1.0415207604 0.0252452718 11.80000000
41 0.9679839920 0.8969484742 0.0137959363 1.70000000 0.9714857429 0.8554277139 0.0164600485 10.70000000
42 0.9664832416 0.8699349675 0.0133176063 1.80000000 0.9704852426 0.8099049525 0.0163783860 9.80000000
43 0.9659829915 0.9274637319 0.0153034806 1.90000000 0.9699849925 0.8769384692 0.0194095102 11.40000000
44 0.9689844922 1.1815907954 0.0264921540 2.20000000 0.9724862431 1.1220610305 0.0315880945 16.20000000
45 0.9644822411 1.0940470235 0.0210852910 2.30000000 0.9684842421 1.0315157579 0.0242988148 13.20000000
46 0.9624812406 1.0890445223 0.0195592483 2.20000000 0.9659829915 1.0535267634 0.0245869845 16.30000000
47 0.9649824912 0.9739869935 0.0172289083 2.90000000 0.9689844922 0.9309654827 0.0205710875 13.40000000
48 0.9624812406 0.8604302151 0.0120435174 2.00000000 0.9659829915 0.8254127064 0.0155597622 10.90000000
49 0.9624812406 0.9564782391 0.0133520674 1.60000000 0.9659829915 0.9094547274 0.0167081053 11.30000000
50 0.9644822411 0.9519759880 0.0163967823 1.50000000 0.9669834917 0.9199599800 0.0194265563 10.80000000
51 0.9639819910 0.8399199600 0.0122969889 1.40000000 0.9669834917 0.7998999500 0.0139705395 8.40000000
52 0.9664832416 0.8619309655 0.0137623190 1.50000000 0.9694847424 0.8074037019 0.0168814875 13.70000000
53 0.9664832416 0.8419209605 0.0142093473 1.50000000 0.9689844922 0.8024012006 0.0165638652 10.90000000
54 0.9589794897 0.9554777389 0.0148325733 1.80000000 0.9629814907 0.8679339670 0.0192879676 16.60000000
55 0.9604802401 0.8324162081 0.0115027403 1.70000000 0.9639819910 0.7838919460 0.0145446735 10.40000000
56 0.9599799900 0.8874437219 0.0142470552 1.50000000 0.9629814907 0.8389194597 0.0162194958 10.50000000
57 0.9624812406 0.8449224612 0.0124138916 1.90000000 0.9654827414 0.7958979490 0.0137697439 8.90000000
58 0.9594797399 0.9414707354 0.0144805788 1.50000000 0.9644822411 0.8819409705 0.0177599508 9.20000000
59 0.9639819910 0.9504752376 0.0168826277 2.50000000 0.9689844922 0.8729364682 0.0191491647 11.30000000
|M| = 15
make network |V|=2000 |E|=4000
                flare                          flare.re  
t, Accessible, ave_query, ave_time, TABLE_REQ
00 0.8719359680 5.1920960480 0.1300521071 0.00000000 0.8719359680 5.1920960480 0.1301544887 0.00000000
01 0.9109554777 1.6098049025 0.0221270032 0.00000000 0.9109554777 1.6098049025 0.0221653549 0.00000000
02 0.9129564782 1.2481240620 0.0111274582 0.00000000 0.9129564782 1.2481240620 0.0111503816 0.00000000
03 0.9169584792 1.4622311156 0.0212404909 0.00000000 0.9169584792 1.4622311156 0.0212736406 0.00000000
04 0.9219609805 1.2061030515 0.0120449821 0.00000000 0.9219609805 1.2061030515 0.0120747086 0.00000000
05 0.9244622311 1.4382191096 0.0180581592 0.00000000 0.9244622311 1.4382191096 0.0181180554 0.00000000
06 0.9304652326 1.2646323162 0.0141670304 0.00000000 0.9304652326 1.2646323162 0.0141837993 0.00000000
07 0.9314657329 1.3036518259 0.0175856566 0.00000000 0.9314657329 1.3036518259 0.0176200813 0.00000000
08 0.9349674837 1.2191095548 0.0136481444 0.00000000 0.9349674837 1.2191095548 0.0136822093 0.00000000
09 0.9339669835 1.3641820910 0.0207805931 0.00000000 0.9339669835 1.3641820910 0.0208185321 0.00000000
10 0.9379689845 1.2346173087 0.0143536689 0.00000000 0.9379689845 1.2346173087 0.0144046734 0.00000000
11 0.9389694847 1.1380690345 0.0117946823 0.00000000 0.9389694847 1.1380690345 0.0117879480 0.00000000
12 0.9424712356 1.1200600300 0.0125777277 0.00000000 0.9424712356 1.1200600300 0.0126385221 0.00000000
13 0.9484742371 1.2386193097 0.0210772540 0.00000000 0.9484742371 1.2386193097 0.0211941478 0.00000000
14 0.9454727364 1.4047023512 0.0196414083 0.00000000 0.9454727364 1.4047023512 0.0196721623 0.00000000
15 0.9484742371 1.1370685343 0.0134961440 0.00000000 0.9484742371 1.1370685343 0.0135905136 0.00000000
16 0.9514757379 1.1520760380 0.0147194771 0.00000000 0.9514757379 1.1520760380 0.0147419311 0.00000000
17 0.9554777389 1.1305652826 0.0145773966 0.00000000 0.9554777389 1.1305652826 0.0150680667 0.00000000
18 0.9554777389 1.2981490745 0.0205863549 0.00000000 0.9554777389 1.2981490745 0.0205780555 0.00000000
19 0.9514757379 1.2386193097 0.0179685177 0.00000000 0.9514757379 1.2386193097 0.0180012266 0.00000000
20 0.9514757379 1.1825912956 0.0147211312 0.00000000 0.9514757379 1.1825912956 0.0147534136 0.00000000
21 0.9524762381 1.4862431216 0.0224763375 0.00000000 0.9524762381 1.4862431216 0.0225021015 0.00000000
22 0.9574787394 1.1000500250 0.0115309852 0.00000000 0.9574787394 1.1000500250 0.0115650983 0.00000000
23 0.9624812406 1.0135067534 0.0148361590 0.00000000 0.9624812406 1.0135067534 0.0148448480 0.00000000
24 0.9624812406 0.9369684842 0.0107727255 0.00000000 0.9624812406 0.9369684842 0.0107524377 0.00000000
25 0.9619809905 0.8999499750 0.0112578299 0.00000000 0.9619809905 0.8999499750 0.0112933969 0.00000000
26 0.9634817409 0.8689344672 0.0089812200 0.00000000 0.9634817409 0.8689344672 0.0090085982 0.00000000
27 0.9634817409 1.0080040020 0.0137324331 0.00000000 0.9634817409 1.0080040020 0.0137177609 0.00000000
28 0.9564782391 1.1710855428 0.0165191722 0.00000000 0.9564782391 1.1710855428 0.0165989826 0.00000000
29 0.9604802401 1.1055527764 0.0164989486 0.00000000 0.9604802401 1.1055527764 0.0165473066 0.00000000
30 0.9659829915 0.9779889945 0.0201069803 1.46666667 0.9714857429 0.9089544772 0.0277679745 8.86666667
31 0.9649824912 0.9289644822 0.0153923042 1.06666667 0.9729864932 0.8424212106 0.0240376732 7.13333333
32 0.9639819910 0.9249624812 0.0131393341 0.93333333 0.9719859930 0.8564282141 0.0215376132 7.20000000
33 0.9644822411 0.9019509755 0.0134188964 0.93333333 0.9719859930 0.8364182091 0.0234786295 8.40000000
34 0.9669834917 0.9024512256 0.0142269922 0.66666667 0.9744872436 0.8229114557 0.0238240154 7.46666667
35 0.9679839920 0.8254127064 0.0115486095 1.00000000 0.9769884942 0.7588794397 0.0201769753 9.00000000
36 0.9684842421 1.0670335168 0.0175799981 1.73333333 0.9769884942 1.0020010005 0.0277298514 13.06666667
37 0.9709854927 0.8649324662 0.0137408795 1.60000000 0.9784892446 0.7973986993 0.0216468297 9.40000000
38 0.9704852426 1.0555277639 0.0193746894 1.73333333 0.9779889945 0.9514757379 0.0283141573 11.80000000
39 0.9709854927 1.0010005003 0.0172132731 1.73333333 0.9774887444 0.9059529765 0.0264787706 10.13333333
40 0.9714857429 1.0205102551 0.0222409367 1.53333333 0.9789894947 0.9229614807 0.0339078103 9.33333333
41 0.9699849925 0.9409704852 0.0177312315 1.73333333 0.9754877439 0.8469234617 0.0256950723 9.66666667
42 0.9704852426 0.7863931966 0.0141974470 1.40000000 0.9774887444 0.6903451726 0.0204373522 8.06666667
43 0.9679839920 0.8679339670 0.0158013900 1.53333333 0.9769884942 0.7748874437 0.0243949922 7.33333333
44 0.9694847424 1.0680340170 0.0232368816 1.46666667 0.9799899950 0.9309654827 0.0359149957 10.60000000
45 0.9634817409 1.0085042521 0.0177231088 1.53333333 0.9734867434 0.9144572286 0.0271004103 8.66666667
46 0.9629814907 1.0030015008 0.0181948201 1.53333333 0.9724862431 0.8884442221 0.0298484202 9.40000000
47 0.9669834917 0.9194597299 0.0174118322 1.73333333 0.9754877439 0.7858929465 0.0274610537 11.40000000
48 0.9639819910 0.8234117059 0.0119328116 1.00000000 0.9729864932 0.7093546773 0.0202275216 8.26666667
49 0.9649824912 0.9219609805 0.0142152671 0.93333333 0.9739869935 0.7898949475 0.0260412612 10.66666667
50 0.9659829915 0.9184592296 0.0165743035 0.86666667 0.9734867434 0.7948974487 0.0227653545 8.40000000
51 0.9654827414 0.8259129565 0.0128182841 0.66666667 0.9724862431 0.7083541771 0.0182343212 7.13333333
52 0.9674837419 0.8439219610 0.0149449220 0.86666667 0.9754877439 0.7063531766 0.0240441466 10.73333333
53 0.9669834917 0.8179089545 0.0146617690 0.80000000 0.9744872436 0.6968484242 0.0228077635 8.73333333
54 0.9594797399 0.9339669835 0.0150219482 0.93333333 0.9679839920 0.7923961981 0.0255234608 9.40000000
55 0.9614807404 0.8174087044 0.0121492391 1.00000000 0.9699849925 0.6908454227 0.0219616073 8.93333333
56 0.9599799900 0.8809404702 0.0157938736 0.86666667 0.9689844922 0.7463731866 0.0262453723 9.20000000
57 0.9624812406 0.8259129565 0.0138472607 1.06666667 0.9709854927 0.7053526763 0.0223829758 8.26666667
58 0.9594797399 0.9614807404 0.0168141391 1.33333333 0.9709854927 0.7663831916 0.0351755111 14.66666667
59 0.9639819910 0.9649824912 0.0184693143 1.80000000 0.9734867434 0.7768884442 0.0340867829 13.73333333
|M| = 20
make network |V|=2000 |E|=4000
                flare                          flare.re  
t, Accessible, ave_query, ave_time, TABLE_REQ
00 0.8719359680 5.1920960480 0.1303563024 0.00000000 0.8719359680 5.1920960480 0.1302987043 0.00000000
01 0.9109554777 1.6098049025 0.0221676667 0.00000000 0.9109554777 1.6098049025 0.0222303867 0.00000000
02 0.9129564782 1.2481240620 0.0111850878 0.00000000 0.9129564782 1.2481240620 0.0112262762 0.00000000
03 0.9169584792 1.4622311156 0.0213723545 0.00000000 0.9169584792 1.4622311156 0.0214637051 0.00000000
04 0.9219609805 1.2061030515 0.0120998337 0.00000000 0.9219609805 1.2061030515 0.0121720707 0.00000000
05 0.9244622311 1.4382191096 0.0181373833 0.00000000 0.9244622311 1.4382191096 0.0181841924 0.00000000
06 0.9304652326 1.2646323162 0.0142115528 0.00000000 0.9304652326 1.2646323162 0.0142691329 0.00000000
07 0.9314657329 1.3036518259 0.0177147261 0.00000000 0.9314657329 1.3036518259 0.0177054950 0.00000000
08 0.9349674837 1.2191095548 0.0136995463 0.00000000 0.9349674837 1.2191095548 0.0137352656 0.00000000
09 0.9339669835 1.3641820910 0.0209436251 0.00000000 0.9339669835 1.3641820910 0.0209697669 0.00000000
10 0.9379689845 1.2346173087 0.0145007920 0.00000000 0.9379689845 1.2346173087 0.0145314412 0.00000000
11 0.9389694847 1.1380690345 0.0119136552 0.00000000 0.9389694847 1.1380690345 0.0119373939 0.00000000
12 0.9424712356 1.1200600300 0.0126942557 0.00000000 0.9424712356 1.1200600300 0.0127348676 0.00000000
13 0.9484742371 1.2386193097 0.0212883840 0.00000000 0.9484742371 1.2386193097 0.0212784731 0.00000000
14 0.9454727364 1.4047023512 0.0191675956 0.00000000 0.9454727364 1.4047023512 0.0191893869 0.00000000
15 0.9484742371 1.1370685343 0.0128664089 0.00000000 0.9484742371 1.1370685343 0.0128586649 0.00000000
16 0.9514757379 1.1520760380 0.0147018670 0.00000000 0.9514757379 1.1520760380 0.0147714180 0.00000000
17 0.9554777389 1.1305652826 0.0139644613 0.00000000 0.9554777389 1.1305652826 0.0140177623 0.00000000
18 0.9554777389 1.2981490745 0.0207384304 0.00000000 0.9554777389 1.2981490745 0.0207333756 0.00000000
19 0.9514757379 1.2386193097 0.0180918430 0.00000000 0.9514757379 1.2386193097 0.0181433485 0.00000000
20 0.9514757379 1.1825912956 0.0147858773 0.00000000 0.9514757379 1.1825912956 0.0148231513 0.00000000
21 0.9524762381 1.4862431216 0.0226648442 0.00000000 0.9524762381 1.4862431216 0.0227072879 0.00000000
22 0.9574787394 1.1000500250 0.0116726860 0.00000000 0.9574787394 1.1000500250 0.0116775823 0.00000000
23 0.9624812406 1.0135067534 0.0149344663 0.00000000 0.9624812406 1.0135067534 0.0149942632 0.00000000
24 0.9624812406 0.9369684842 0.0108462574 0.00000000 0.9624812406 0.9369684842 0.0108532573 0.00000000
25 0.9619809905 0.8999499750 0.0113526352 0.00000000 0.9619809905 0.8999499750 0.0113868351 0.00000000
26 0.9634817409 0.8689344672 0.0090556275 0.00000000 0.9634817409 0.8689344672 0.0091056665 0.00000000
27 0.9634817409 1.0080040020 0.0138264408 0.00000000 0.9634817409 1.0080040020 0.0138702990 0.00000000
28 0.9564782391 1.1710855428 0.0166461814 0.00000000 0.9564782391 1.1710855428 0.0167521612 0.00000000
29 0.9604802401 1.1055527764 0.0166998426 0.00000000 0.9604802401 1.1055527764 0.0167187756 0.00000000
30 0.9669834917 0.9724862431 0.0226016617 1.60000000 0.9734867434 0.8639319660 0.0347859250 7.45000000
31 0.9659829915 0.9084542271 0.0175872926 1.00000000 0.9744872436 0.8004002001 0.0298441773 6.10000000
32 0.9644822411 0.8959479740 0.0147373272 0.85000000 0.9729864932 0.8064032016 0.0233985709 5.60000000
33 0.9649824912 0.8689344672 0.0138341883 0.75000000 0.9729864932 0.7853926963 0.0275002696 6.75000000
34 0.9674837419 0.8519259630 0.0146885109 0.80000000 0.9759879940 0.7448724362 0.0390134718 10.75000000
35 0.9684842421 0.7548774387 0.0117819322 0.90000000 0.9789894947 0.6368184092 0.0295690450 8.15000000
36 0.9699849925 1.0350175088 0.0208880942 1.50000000 0.9794897449 0.9279639820 0.0421684552 12.65000000
37 0.9714857429 0.8514257129 0.0164935046 1.40000000 0.9809904952 0.7383691846 0.0331242517 9.15000000
38 0.9724862431 1.0275137569 0.0215101021 1.40000000 0.9794897449 0.9244622311 0.0349116090 8.20000000
39 0.9714857429 0.9404702351 0.0182315288 1.10000000 0.9789894947 0.8314157079 0.0308205435 6.60000000
40 0.9724862431 0.9594797399 0.0233284319 0.90000000 0.9804902451 0.8354177089 0.0427583492 7.25000000
41 0.9739869935 0.8869434717 0.0208063666 1.30000000 0.9789894947 0.7948974487 0.0360082988 8.85000000
42 0.9744872436 0.7138569285 0.0165076646 0.75000000 0.9799899950 0.6073036518 0.0349356345 9.05000000
43 0.9729864932 0.7973986993 0.0226777503 1.05000000 0.9809904952 0.6833416708 0.0362107388 6.15000000
44 0.9749874937 0.9699849925 0.0301210033 1.05000000 0.9859929965 0.8209104552 0.0551464688 9.05000000
45 0.9684842421 0.9054527264 0.0210400335 1.10000000 0.9799899950 0.7798899450 0.0389477165 6.85000000
46 0.9684842421 0.9089544772 0.0220013258 1.00000000 0.9794897449 0.7748874437 0.0406746058 7.30000000
47 0.9719859930 0.8189094547 0.0209288781 1.20000000 0.9824912456 0.6698349175 0.0412139609 7.85000000
48 0.9704852426 0.7163581791 0.0142156443 0.70000000 0.9809904952 0.5887943972 0.0301624192 5.75000000
49 0.9694847424 0.8074037019 0.0152733939 0.65000000 0.9804902451 0.6688344172 0.0375370540 7.55000000
50 0.9709854927 0.8159079540 0.0207441851 1.00000000 0.9799899950 0.6833416708 0.0338762069 6.40000000
51 0.9704852426 0.7363681841 0.0149788477 0.55000000 0.9784892446 0.6083041521 0.0284823199 5.45000000
52 0.9724862431 0.7523761881 0.0171127303 0.65000000 0.9814907454 0.5972986493 0.0353184245 7.85000000
53 0.9719859930 0.7318659330 0.0175775851 0.70000000 0.9804902451 0.5907953977 0.0345763096 6.80000000
54 0.9644822411 0.8389194597 0.0172539558 0.75000000 0.9739869935 0.6898449225 0.0391278377 7.45000000
55 0.9664832416 0.7488744372 0.0159857010 1.10000000 0.9759879940 0.6143071536 0.0352345695 7.10000000
56 0.9639819910 0.8054027014 0.0179830065 0.85000000 0.9744872436 0.6433216608 0.0388333415 7.65000000
57 0.9664832416 0.7533766883 0.0153425489 0.95000000 0.9764882441 0.6113056528 0.0338874935 6.80000000
58 0.9634817409 0.9049524762 0.0207065483 1.20000000 0.9764882441 0.6738369185 0.0578328986 12.10000000
59 0.9684842421 0.8149074537 0.0186294686 1.05000000 0.9784892446 0.6273136568 0.0467156279 9.20000000
