|M| = 0
make network |V|=2000 |E|=4000
                not_group                          group  
t, Accessible, ave_query, ave_time, TABLE_REQ
00 0.8409204602 5.4392196098 0.0951456139 0.00000000
01 0.7428714357 3.3274137069 0.0372026117 0.00000000
02 0.7343671836 2.2372853093 0.0247019700 0.00000000
03 0.7523761881 1.6529514757 0.0188753476 0.00000000
04 0.7768884442 1.2830415208 0.0157936321 0.00000000
05 0.7598799400 1.0910455228 0.0127171333 0.00000000
06 0.7658829415 0.9276066605 0.0108418984 0.00000000
07 0.7708854427 0.8057153577 0.0096277871 0.00000000
08 0.7803901951 0.7090211773 0.0087579298 0.00000000
09 0.7868934467 0.6343671836 0.0080978234 0.00000000
10 0.8034017009 0.5495020237 0.0075638839 0.00000000
11 0.8114057029 0.5081707520 0.0069279768 0.00000000
12 0.8274137069 0.4585754416 0.0066114659 0.00000000
13 0.8259129565 0.4296791253 0.0061137588 0.00000000
14 0.8279139570 0.3984325496 0.0057276408 0.00000000
15 0.8304152076 0.3715920460 0.0052961837 0.00000000
16 0.8089044522 0.3590618839 0.0050096841 0.00000000
17 0.7883941971 0.3463120449 0.0045435553 0.00000000
18 0.7823911956 0.3268739633 0.0042243709 0.00000000
19 0.8089044522 0.3035017509 0.0042253717 0.00000000
20 0.7908954477 0.2934562519 0.0038562255 0.00000000
21 0.7923961981 0.2796625586 0.0037180489 0.00000000
22 0.7963981991 0.2668725667 0.0035966610 0.00000000
23 0.8049024512 0.2508754377 0.0034961484 0.00000000
24 0.8074037019 0.2382791396 0.0033800906 0.00000000
25 0.8064032016 0.2286912687 0.0032225255 0.00000000
26 0.8054027014 0.2198321383 0.0030869388 0.00000000
27 0.8134067034 0.2101229186 0.0030603834 0.00000000
28 0.8229114557 0.1990132998 0.0029749772 0.00000000
29 0.8279139570 0.1908454227 0.0028858294 0.00000000
30 0.8414207104 0.1821394568 0.0028685813 0.00000000
31 0.8354177089 0.1776513257 0.0028150038 0.00000000
32 0.8314157079 0.1746479300 0.0027175592 0.00000000
33 0.8354177089 0.1685254392 0.0026269184 0.00000000
34 0.8339169585 0.1645108268 0.0025647229 0.00000000
35 0.8359179590 0.1598577066 0.0025407808 0.00000000
36 0.8364182091 0.1551586604 0.0024783621 0.00000000
37 0.8459229615 0.1499170638 0.0024948447 0.00000000
38 0.8364182091 0.1478046716 0.0023857091 0.00000000
39 0.8444222111 0.1427713857 0.0023194053 0.00000000
40 0.8459229615 0.1385082785 0.0022575689 0.00000000
41 0.8519259630 0.1317325329 0.0022505556 0.00000000
42 0.8559279640 0.1294251777 0.0021940372 0.00000000
43 0.8554277139 0.1274046114 0.0021321247 0.00000000
44 0.8549274637 0.1238174643 0.0021032548 0.00000000
45 0.8514257129 0.1216151554 0.0020427713 0.00000000
46 0.8589294647 0.1172926889 0.0020330877 0.00000000
47 0.8604302151 0.1144843255 0.0019630166 0.00000000
48 0.8609304652 0.1118518443 0.0019196611 0.00000000
49 0.8649324662 0.1089244622 0.0018719861 0.00000000
50 0.8684342171 0.1050230998 0.0018909946 0.00000000
51 0.8689344672 0.1033401316 0.0018398934 0.00000000
52 0.8704352176 0.1009183837 0.0017976874 0.00000000
53 0.8669334667 0.0990124692 0.0017560447 0.00000000
54 0.8899449725 0.0934649143 0.0018188594 0.00000000
55 0.8854427214 0.0923050811 0.0017688163 0.00000000
56 0.8854427214 0.0909753122 0.0017424157 0.00000000
57 0.8859429715 0.0894240224 0.0017093621 0.00000000
58 0.8864432216 0.0877981364 0.0016926139 0.00000000
59 0.8829414707 0.0884442221 0.0016403807 0.00000000
access %, disaccess %
0.015565143755796604, 0.07038179714616274
|M| = 5
make network |V|=2000 |E|=4000
                not_group                          group  
t, Accessible, ave_query, ave_time, TABLE_REQ
00 0.8409204602 5.4392196098 0.0952325573 0.00000000
01 0.7428714357 3.3274137069 0.0371463689 0.00000000
02 0.7343671836 2.2372853093 0.0247457893 0.00000000
03 0.7523761881 1.6529514757 0.0188545895 0.00000000
04 0.7768884442 1.2830415208 0.0158514941 0.00000000
05 0.7598799400 1.0910455228 0.0127672249 0.00000000
06 0.7658829415 0.9276066605 0.0108647673 0.00000000
07 0.7708854427 0.8057153577 0.0096389106 0.00000000
08 0.7803901951 0.7090211773 0.0087649972 0.00000000
09 0.7868934467 0.6343671836 0.0081180871 0.00000000
10 0.8034017009 0.5495020237 0.0075850239 0.00000000
11 0.8114057029 0.5081707520 0.0069440174 0.00000000
12 0.8274137069 0.4585754416 0.0066248021 0.00000000
13 0.8259129565 0.4296791253 0.0061142650 0.00000000
14 0.8279139570 0.3984325496 0.0057476921 0.00000000
15 0.8304152076 0.3715920460 0.0053007189 0.00000000
16 0.8089044522 0.3590618839 0.0049079745 0.00000000
17 0.7883941971 0.3463120449 0.0045438240 0.00000000
18 0.7823911956 0.3268739633 0.0042256785 0.00000000
19 0.8089044522 0.3035017509 0.0042354085 0.00000000
20 0.7908954477 0.2934562519 0.0038665721 0.00000000
21 0.7923961981 0.2796625586 0.0037232902 0.00000000
22 0.7963981991 0.2668725667 0.0035956624 0.00000000
23 0.8049024512 0.2508754377 0.0034847719 0.00000000
24 0.8074037019 0.2382791396 0.0033809637 0.00000000
25 0.8064032016 0.2286912687 0.0032247448 0.00000000
26 0.8054027014 0.2198321383 0.0030859244 0.00000000
27 0.8134067034 0.2101229186 0.0030623017 0.00000000
28 0.8229114557 0.1990132998 0.0029750141 0.00000000
29 0.8279139570 0.1908454227 0.0028754563 0.00000000
30 0.8444222111 0.1805096096 0.0028549215 6.60000000
31 0.8389194597 0.1758691846 0.0028009151 7.00000000
32 0.8349174587 0.1728894750 0.0027062273 7.20000000
33 0.8384192096 0.1669216961 0.0026135916 7.20000000
34 0.8374187094 0.1629386122 0.0025593575 6.20000000
35 0.8394197099 0.1583430604 0.0025355799 5.00000000
36 0.8399199600 0.1536714303 0.0024753945 5.20000000
37 0.8489244622 0.1483504910 0.0024758724 5.00000000
38 0.8394197099 0.1462910943 0.0023724586 5.20000000
39 0.8469234617 0.1414082041 0.0023082758 5.00000000
40 0.8489244622 0.1371051379 0.0022331319 5.00000000
41 0.8544272136 0.1303032469 0.0022284857 4.20000000
42 0.8584292146 0.1279476948 0.0021537014 4.40000000
43 0.8574287144 0.1259493383 0.0020940651 4.40000000
44 0.8574287144 0.1223834139 0.0020684801 4.20000000
45 0.8544272136 0.1202775301 0.0020140408 5.00000000
46 0.8619309655 0.1161644652 0.0020249508 4.80000000
47 0.8639319660 0.1133379190 0.0019517954 5.00000000
48 0.8644322161 0.1107594614 0.0019065288 4.60000000
49 0.8684342171 0.1078539270 0.0018558068 4.80000000
50 0.8719359680 0.1039931731 0.0018715108 4.60000000
51 0.8724362181 0.1023203910 0.0018342596 4.40000000
52 0.8739369685 0.0999273222 0.0017876942 4.40000000
53 0.8709354677 0.0979749134 0.0017475441 4.20000000
54 0.8939469735 0.0924553186 0.0018080891 4.00000000
55 0.8899449725 0.0912420496 0.0017900325 3.80000000
56 0.8894447224 0.0900186936 0.0017284383 3.80000000
57 0.8904452226 0.0883976471 0.0017035442 3.80000000
58 0.8909454727 0.0867976361 0.0016870226 3.80000000
59 0.8879439720 0.0874520594 0.0016371560 3.80000000
access %, disaccess %
0.015523138832997987, 0.07054527750730283
|M| = 10
make network |V|=2000 |E|=4000
                not_group                          group  
t, Accessible, ave_query, ave_time, TABLE_REQ
00 0.8409204602 5.4392196098 0.0950855844 0.00000000
01 0.7428714357 3.3274137069 0.0372605488 0.00000000
02 0.7343671836 2.2372853093 0.0247233423 0.00000000
03 0.7523761881 1.6529514757 0.0189059931 0.00000000
04 0.7768884442 1.2830415208 0.0158264397 0.00000000
05 0.7598799400 1.0910455228 0.0128019771 0.00000000
06 0.7658829415 0.9276066605 0.0109033453 0.00000000
07 0.7708854427 0.8057153577 0.0096351363 0.00000000
08 0.7803901951 0.7090211773 0.0087744460 0.00000000
09 0.7868934467 0.6343671836 0.0081368702 0.00000000
10 0.8034017009 0.5495020237 0.0075821925 0.00000000
11 0.8114057029 0.5081707520 0.0069346710 0.00000000
12 0.8274137069 0.4585754416 0.0066195176 0.00000000
13 0.8259129565 0.4296791253 0.0061162632 0.00000000
14 0.8279139570 0.3984325496 0.0057363112 0.00000000
15 0.8304152076 0.3715920460 0.0053384612 0.00000000
16 0.8089044522 0.3590618839 0.0049150269 0.00000000
17 0.7883941971 0.3463120449 0.0045674464 0.00000000
18 0.7823911956 0.3268739633 0.0042298639 0.00000000
19 0.8089044522 0.3035017509 0.0042375352 0.00000000
20 0.7908954477 0.2934562519 0.0038736125 0.00000000
21 0.7923961981 0.2796625586 0.0037317991 0.00000000
22 0.7963981991 0.2668725667 0.0036064917 0.00000000
23 0.8049024512 0.2508754377 0.0034936571 0.00000000
24 0.8074037019 0.2382791396 0.0033831002 0.00000000
25 0.8064032016 0.2286912687 0.0032408197 0.00000000
26 0.8054027014 0.2198321383 0.0031044110 0.00000000
27 0.8134067034 0.2101229186 0.0030719366 0.00000000
28 0.8229114557 0.1990132998 0.0029857932 0.00000000
29 0.8279139570 0.1908454227 0.0028848997 0.00000000
30 0.8499249625 0.1766367054 0.0030361547 9.30000000
31 0.8484242121 0.1712731366 0.0029656431 9.40000000
32 0.8414207104 0.1686600876 0.0028645587 10.40000000
33 0.8454227114 0.1630374011 0.0027939551 10.10000000
34 0.8459229615 0.1590938326 0.0027233155 9.80000000
35 0.8474237119 0.1546606637 0.0026919857 8.90000000
36 0.8489244622 0.1500479970 0.0026432868 9.50000000
37 0.8574287144 0.1447170954 0.0026446786 9.10000000
38 0.8489244622 0.1428149972 0.0025569780 9.70000000
39 0.8549274637 0.1380690345 0.0024944805 10.10000000
40 0.8574287144 0.1339206188 0.0024014968 10.10000000
41 0.8609304652 0.1276947998 0.0023759091 9.50000000
42 0.8644322161 0.1254464442 0.0022905592 9.80000000
43 0.8629314657 0.1234253490 0.0022381850 10.20000000
44 0.8629314657 0.1197376466 0.0021823131 10.10000000
45 0.8604302151 0.1175805294 0.0021136443 10.80000000
46 0.8664332166 0.1139399487 0.0021263126 10.70000000
47 0.8689344672 0.1111389028 0.0020740066 10.70000000
48 0.8699349675 0.1087278333 0.0020385744 10.60000000
49 0.8739369685 0.1058029015 0.0019824723 10.90000000
50 0.8769384692 0.1019921726 0.0019783203 10.40000000
51 0.8739369685 0.1005406549 0.0019256774 11.10000000
52 0.8769384692 0.0981717274 0.0018897892 10.50000000
53 0.8749374687 0.0960758157 0.0018617641 10.70000000
54 0.8969484742 0.0898540179 0.0019370969 10.30000000
55 0.8924462231 0.0892678482 0.0018768968 11.00000000
56 0.8919459730 0.0881405615 0.0018468154 10.90000000
57 0.8934467234 0.0865518966 0.0018263762 11.00000000
58 0.8934467234 0.0850849153 0.0018072093 10.90000000
59 0.8919459730 0.0857428714 0.0017589284 11.50000000
access %, disaccess %
0.015319985161270916, 0.07059056482352359
|M| = 15
make network |V|=2000 |E|=4000
                not_group                          group  
t, Accessible, ave_query, ave_time, TABLE_REQ
00 0.8409204602 5.4392196098 0.0950943640 0.00000000
01 0.7428714357 3.3274137069 0.0371959343 0.00000000
02 0.7343671836 2.2372853093 0.0248210426 0.00000000
03 0.7523761881 1.6529514757 0.0188617883 0.00000000
04 0.7768884442 1.2830415208 0.0158086915 0.00000000
05 0.7598799400 1.0910455228 0.0127303672 0.00000000
06 0.7658829415 0.9276066605 0.0108405713 0.00000000
07 0.7708854427 0.8057153577 0.0096452614 0.00000000
08 0.7803901951 0.7090211773 0.0087866267 0.00000000
09 0.7868934467 0.6343671836 0.0081098769 0.00000000
10 0.8034017009 0.5495020237 0.0075701488 0.00000000
11 0.8114057029 0.5081707520 0.0069443899 0.00000000
12 0.8274137069 0.4585754416 0.0066176158 0.00000000
13 0.8259129565 0.4296791253 0.0061073266 0.00000000
14 0.8279139570 0.3984325496 0.0057259828 0.00000000
15 0.8304152076 0.3715920460 0.0053180440 0.00000000
16 0.8089044522 0.3590618839 0.0049033259 0.00000000
17 0.7883941971 0.3463120449 0.0045523791 0.00000000
18 0.7823911956 0.3268739633 0.0042166667 0.00000000
19 0.8089044522 0.3035017509 0.0042364148 0.00000000
20 0.7908954477 0.2934562519 0.0038641614 0.00000000
21 0.7923961981 0.2796625586 0.0037237977 0.00000000
22 0.7963981991 0.2668725667 0.0035947751 0.00000000
23 0.8049024512 0.2508754377 0.0034862464 0.00000000
24 0.8074037019 0.2382791396 0.0033872953 0.00000000
25 0.8064032016 0.2286912687 0.0032320182 0.00000000
26 0.8054027014 0.2198321383 0.0030809964 0.00000000
27 0.8134067034 0.2101229186 0.0030705033 0.00000000
28 0.8229114557 0.1990132998 0.0029696747 0.00000000
29 0.8279139570 0.1908454227 0.0028748351 0.00000000
30 0.8554277139 0.1677451629 0.0035312880 13.93333333
31 0.8549274637 0.1621592046 0.0034795376 14.20000000
32 0.8484242121 0.1602316310 0.0034128653 15.13333333
33 0.8504252126 0.1551511050 0.0033426669 15.00000000
34 0.8504252126 0.1516901308 0.0032127949 14.80000000
35 0.8524262131 0.1475320994 0.0031756724 14.26666667
36 0.8559279640 0.1428146506 0.0031211910 14.73333333
37 0.8629314657 0.1378189095 0.0031028117 14.40000000
38 0.8549274637 0.1363887072 0.0030252459 14.73333333
39 0.8619309655 0.1313781891 0.0029476205 15.06666667
40 0.8644322161 0.1276613917 0.0028634683 15.33333333
41 0.8694347174 0.1214059411 0.0028355998 15.33333333
42 0.8704352176 0.1194899775 0.0026932675 15.53333333
43 0.8689344672 0.1174905635 0.0026236366 15.80000000
44 0.8699349675 0.1137568784 0.0025782592 15.66666667
45 0.8669334667 0.1116645279 0.0025132024 15.53333333
46 0.8729364682 0.1081498196 0.0025488797 15.53333333
47 0.8754377189 0.1054277139 0.0024773865 15.53333333
48 0.8769384692 0.1030719441 0.0024286708 15.46666667
49 0.8789394697 0.1005102551 0.0023736695 15.60000000
50 0.8829414707 0.0967836860 0.0023673513 15.00000000
51 0.8764382191 0.0958459999 0.0022819756 15.73333333
52 0.8794397199 0.0933863158 0.0022162513 15.40000000
53 0.8774387194 0.0914438701 0.0021999234 15.66666667
54 0.9009504752 0.0851607622 0.0022560160 14.33333333
55 0.8984492246 0.0839616237 0.0021944557 15.06666667
56 0.8979489745 0.0829186523 0.0021471374 14.66666667
57 0.8989494747 0.0814545204 0.0021158307 14.86666667
58 0.8979489745 0.0804470032 0.0021076310 14.86666667
59 0.8974487244 0.0809988327 0.0020682833 15.53333333
access %, disaccess %
0.015257946222484237, 0.07119480388701475
|M| = 20
make network |V|=2000 |E|=4000
                not_group                          group  
t, Accessible, ave_query, ave_time, TABLE_REQ
00 0.8409204602 5.4392196098 0.0952833899 0.00000000
01 0.7428714357 3.3274137069 0.0372342496 0.00000000
02 0.7343671836 2.2372853093 0.0247435425 0.00000000
03 0.7523761881 1.6529514757 0.0188742013 0.00000000
04 0.7768884442 1.2830415208 0.0158144095 0.00000000
05 0.7598799400 1.0910455228 0.0127447381 0.00000000
06 0.7658829415 0.9276066605 0.0108895969 0.00000000
07 0.7708854427 0.8057153577 0.0096578295 0.00000000
08 0.7803901951 0.7090211773 0.0087952088 0.00000000
09 0.7868934467 0.6343671836 0.0081227837 0.00000000
10 0.8034017009 0.5495020237 0.0075765940 0.00000000
11 0.8114057029 0.5081707520 0.0069362570 0.00000000
12 0.8274137069 0.4585754416 0.0066287936 0.00000000
13 0.8259129565 0.4296791253 0.0061054420 0.00000000
14 0.8279139570 0.3984325496 0.0057328344 0.00000000
15 0.8304152076 0.3715920460 0.0053234613 0.00000000
16 0.8089044522 0.3590618839 0.0049127924 0.00000000
17 0.7883941971 0.3463120449 0.0045636349 0.00000000
18 0.7823911956 0.3268739633 0.0042331487 0.00000000
19 0.8089044522 0.3035017509 0.0042332059 0.00000000
20 0.7908954477 0.2934562519 0.0038782509 0.00000000
21 0.7923961981 0.2796625586 0.0037366957 0.00000000
22 0.7963981991 0.2668725667 0.0036081639 0.00000000
23 0.8049024512 0.2508754377 0.0034964947 0.00000000
24 0.8074037019 0.2382791396 0.0034015296 0.00000000
25 0.8064032016 0.2286912687 0.0032234925 0.00000000
26 0.8054027014 0.2198321383 0.0030888568 0.00000000
27 0.8134067034 0.2101229186 0.0030857112 0.00000000
28 0.8229114557 0.1990132998 0.0029721080 0.00000000
29 0.8279139570 0.1908454227 0.0028754434 0.00000000
30 0.8654327164 0.1616937501 0.0042690924 14.55000000
31 0.8634317159 0.1560467734 0.0042003221 14.65000000
32 0.8604302151 0.1541983113 0.0041464702 15.55000000
33 0.8614307154 0.1491333902 0.0039807740 15.55000000
34 0.8614307154 0.1459444008 0.0038945196 15.50000000
35 0.8649324662 0.1410844311 0.0038082001 15.05000000
36 0.8649324662 0.1370009329 0.0037269120 15.40000000
37 0.8774387194 0.1297490851 0.0036579176 14.80000000
38 0.8659329665 0.1308731289 0.0036203984 15.35000000
39 0.8754377189 0.1258504252 0.0035799378 15.55000000
40 0.8749374687 0.1224880733 0.0034179704 15.60000000
41 0.8814407204 0.1162724219 0.0034308849 15.30000000
42 0.8809404702 0.1146503484 0.0032799233 15.40000000
43 0.8779389695 0.1129769430 0.0032036238 15.70000000
44 0.8794397199 0.1094769607 0.0031616697 15.35000000
45 0.8779389695 0.1072275268 0.0030929213 15.35000000
46 0.8849424712 0.1036262812 0.0031288197 15.15000000
47 0.8869434717 0.1009463065 0.0030278010 15.25000000
48 0.8879439720 0.0986411573 0.0029531988 15.05000000
49 0.8899449725 0.0962681341 0.0028921000 15.15000000
50 0.8944472236 0.0920165965 0.0029284640 14.75000000
51 0.8879439720 0.0912475469 0.0028880248 15.45000000
52 0.8899449725 0.0889973289 0.0027690456 15.10000000
53 0.8874437219 0.0871083690 0.0027254403 15.20000000
54 0.9114557279 0.0803037883 0.0027094769 13.15000000
55 0.9099549775 0.0787983277 0.0026147411 14.00000000
56 0.9099549775 0.0778722695 0.0025591185 13.85000000
57 0.9109554777 0.0765123941 0.0025035146 14.00000000
58 0.9044522261 0.0774200660 0.0024868332 13.85000000
59 0.9024512256 0.0775887944 0.0024685079 14.40000000
access %, disaccess %
0.015388739414036515, 0.07425716813238278
|M| = 25
make network |V|=2000 |E|=4000
                not_group                          group  
t, Accessible, ave_query, ave_time, TABLE_REQ
00 0.8409204602 5.4392196098 0.0955128318 0.00000000
01 0.7428714357 3.3274137069 0.0372680758 0.00000000
02 0.7343671836 2.2372853093 0.0247845757 0.00000000
03 0.7523761881 1.6529514757 0.0188548026 0.00000000
04 0.7768884442 1.2830415208 0.0158164634 0.00000000
05 0.7598799400 1.0910455228 0.0127202934 0.00000000
06 0.7658829415 0.9276066605 0.0108924742 0.00000000
07 0.7708854427 0.8057153577 0.0096387039 0.00000000
08 0.7803901951 0.7090211773 0.0087699974 0.00000000
09 0.7868934467 0.6343671836 0.0081548786 0.00000000
10 0.8034017009 0.5495020237 0.0076029278 0.00000000
11 0.8114057029 0.5081707520 0.0069488428 0.00000000
12 0.8274137069 0.4585754416 0.0066201438 0.00000000
13 0.8259129565 0.4296791253 0.0061050263 0.00000000
14 0.8279139570 0.3984325496 0.0057288355 0.00000000
15 0.8304152076 0.3715920460 0.0053138616 0.00000000
16 0.8089044522 0.3590618839 0.0049108313 0.00000000
17 0.7883941971 0.3463120449 0.0045642948 0.00000000
18 0.7823911956 0.3268739633 0.0042354108 0.00000000
19 0.8089044522 0.3035017509 0.0042293359 0.00000000
20 0.7908954477 0.2934562519 0.0038655894 0.00000000
21 0.7923961981 0.2796625586 0.0037226545 0.00000000
22 0.7963981991 0.2668725667 0.0035988688 0.00000000
23 0.8049024512 0.2508754377 0.0034915928 0.00000000
24 0.8074037019 0.2382791396 0.0033731270 0.00000000
25 0.8064032016 0.2286912687 0.0032193836 0.00000000
26 0.8054027014 0.2198321383 0.0030885744 0.00000000
27 0.8134067034 0.2101229186 0.0030600703 0.00000000
28 0.8229114557 0.1990132998 0.0029784260 0.00000000
29 0.8279139570 0.1908454227 0.0028727745 0.00000000
30 0.8734367184 0.1523987800 0.0057010412 15.28000000
31 0.8744372186 0.1470422711 0.0057942646 15.52000000
32 0.8729364682 0.1443903770 0.0056275909 15.64000000
33 0.8679339670 0.1415119324 0.0054341018 16.08000000
34 0.8694347174 0.1383120131 0.0053330492 16.00000000
35 0.8729364682 0.1335667834 0.0052136442 15.88000000
36 0.8724362181 0.1296459040 0.0050911756 16.16000000
37 0.8819409705 0.1231931755 0.0049471363 15.36000000
38 0.8759379690 0.1228049922 0.0049488462 16.16000000
39 0.8829414707 0.1181465733 0.0049245578 16.40000000
40 0.8809404702 0.1153625593 0.0047034249 16.48000000
41 0.8834417209 0.1100907597 0.0046312384 15.92000000
42 0.8844422211 0.1084146725 0.0044348637 16.36000000
43 0.8844422211 0.1063713675 0.0043625217 16.56000000
44 0.8864432216 0.1026402090 0.0042673886 16.16000000
45 0.8849424712 0.1010940253 0.0041266353 16.16000000
46 0.8909454727 0.0979425883 0.0041837391 15.96000000
47 0.8934467234 0.0953914457 0.0041116137 16.04000000
48 0.8934467234 0.0930158957 0.0039667659 15.76000000
49 0.8974487244 0.0907253627 0.0039439895 16.16000000
50 0.8999499750 0.0871121835 0.0038813902 15.44000000
51 0.8934467234 0.0864663101 0.0037935434 16.16000000
52 0.8954477239 0.0845045164 0.0037345668 15.84000000
53 0.8969484742 0.0823745206 0.0037231487 15.88000000
54 0.9159579790 0.0780299241 0.0036996219 14.72000000
55 0.9009504752 0.0799238905 0.0037610132 16.36000000
56 0.9004502251 0.0789429803 0.0036512768 15.88000000
57 0.9014507254 0.0775215194 0.0035613620 15.76000000
58 0.8944472236 0.0778779220 0.0035156771 15.36000000
59 0.8959479740 0.0765966316 0.0034860453 15.48000000
access %, disaccess %
0.014973706883745804, 0.07393344934873174
|M| = 30
make network |V|=2000 |E|=4000
                not_group                          group  
t, Accessible, ave_query, ave_time, TABLE_REQ
00 0.8409204602 5.4392196098 0.0951612461 0.00000000
01 0.7428714357 3.3274137069 0.0372961235 0.00000000
02 0.7343671836 2.2372853093 0.0247329917 0.00000000
03 0.7523761881 1.6529514757 0.0188751827 0.00000000
04 0.7768884442 1.2830415208 0.0158649860 0.00000000
05 0.7598799400 1.0910455228 0.0127614429 0.00000000
06 0.7658829415 0.9276066605 0.0108647003 0.00000000
07 0.7708854427 0.8057153577 0.0096610469 0.00000000
08 0.7803901951 0.7090211773 0.0087634503 0.00000000
09 0.7868934467 0.6343671836 0.0081078114 0.00000000
10 0.8034017009 0.5495020237 0.0075671971 0.00000000
11 0.8114057029 0.5081707520 0.0069643086 0.00000000
12 0.8274137069 0.4585754416 0.0066274824 0.00000000
13 0.8259129565 0.4296791253 0.0061047848 0.00000000
14 0.8279139570 0.3984325496 0.0057393561 0.00000000
15 0.8304152076 0.3715920460 0.0053131184 0.00000000
16 0.8089044522 0.3590618839 0.0049104844 0.00000000
17 0.7883941971 0.3463120449 0.0045551192 0.00000000
18 0.7823911956 0.3268739633 0.0042237892 0.00000000
19 0.8089044522 0.3035017509 0.0042306236 0.00000000
20 0.7908954477 0.2934562519 0.0038598451 0.00000000
21 0.7923961981 0.2796625586 0.0037202126 0.00000000
22 0.7963981991 0.2668725667 0.0036006097 0.00000000
23 0.8049024512 0.2508754377 0.0034843179 0.00000000
24 0.8074037019 0.2382791396 0.0033869782 0.00000000
25 0.8064032016 0.2286912687 0.0032214612 0.00000000
26 0.8054027014 0.2198321383 0.0030878862 0.00000000
27 0.8134067034 0.2101229186 0.0030612398 0.00000000
28 0.8229114557 0.1990132998 0.0029693933 0.00000000
29 0.8279139570 0.1908454227 0.0028878628 0.00000000
30 0.8764382191 0.1506882473 0.0072192296 13.43333333
31 0.8779389695 0.1449943722 0.0073562939 13.40000000
32 0.8779389695 0.1422832628 0.0071287820 13.90000000
33 0.8769384692 0.1381720272 0.0069029128 13.93333333
34 0.8769384692 0.1356392482 0.0067668048 13.86666667
35 0.8759379690 0.1318436996 0.0065005419 13.70000000
36 0.8764382191 0.1280099509 0.0064021720 13.96666667
37 0.8859429715 0.1216002738 0.0062167036 13.26666667
38 0.8794397199 0.1210990110 0.0061706487 13.90000000
39 0.8854427214 0.1166208104 0.0061540807 14.13333333
40 0.8824412206 0.1141668395 0.0058521111 14.30000000
41 0.8849424712 0.1090545273 0.0057596671 13.96666667
42 0.8859429715 0.1072745675 0.0055299371 14.40000000
43 0.8854427214 0.1053026513 0.0053968971 14.60000000
44 0.8889444722 0.1017175254 0.0052771982 14.20000000
45 0.8879439720 0.0995171499 0.0051670803 14.10000000
46 0.8929464732 0.0964844124 0.0051826211 13.96666667
47 0.8959479740 0.0939532266 0.0051353387 14.06666667
48 0.8969484742 0.0917703750 0.0050188840 14.03333333
49 0.8999499750 0.0894347174 0.0050018246 14.20000000
50 0.9024512256 0.0858370362 0.0049297103 13.66666667
51 0.8969484742 0.0851964444 0.0048549670 14.33333333
52 0.8989494747 0.0832397331 0.0047679338 14.06666667
53 0.8999499750 0.0811887425 0.0047640943 14.16666667
54 0.9174587294 0.0768929920 0.0046297526 13.10000000
55 0.9039519760 0.0786464661 0.0047591762 14.70000000
56 0.9044522261 0.0777581773 0.0046516905 14.36666667
57 0.9054527264 0.0763226441 0.0045575944 14.30000000
58 0.8984492246 0.0765976208 0.0044391023 14.06666667
59 0.8999499750 0.0753209938 0.0043922799 14.16666667
access %, disaccess %
0.014825650351862101, 0.07365167341718183
|M| = 35
make network |V|=2000 |E|=4000
                not_group                          group  
t, Accessible, ave_query, ave_time, TABLE_REQ
00 0.8409204602 5.4392196098 0.0952505001 0.00000000
01 0.7428714357 3.3274137069 0.0372203361 0.00000000
02 0.7343671836 2.2372853093 0.0247367627 0.00000000
03 0.7523761881 1.6529514757 0.0188604527 0.00000000
04 0.7768884442 1.2830415208 0.0158574029 0.00000000
05 0.7598799400 1.0910455228 0.0127084964 0.00000000
06 0.7658829415 0.9276066605 0.0108562897 0.00000000
07 0.7708854427 0.8057153577 0.0096205398 0.00000000
08 0.7803901951 0.7090211773 0.0087698139 0.00000000
09 0.7868934467 0.6343671836 0.0081284251 0.00000000
10 0.8034017009 0.5495020237 0.0075804802 0.00000000
11 0.8114057029 0.5081707520 0.0069483363 0.00000000
12 0.8274137069 0.4585754416 0.0066204398 0.00000000
13 0.8259129565 0.4296791253 0.0061146713 0.00000000
14 0.8279139570 0.3984325496 0.0057314782 0.00000000
15 0.8304152076 0.3715920460 0.0053222245 0.00000000
16 0.8089044522 0.3590618839 0.0049117170 0.00000000
17 0.7883941971 0.3463120449 0.0045574959 0.00000000
18 0.7823911956 0.3268739633 0.0042248017 0.00000000
19 0.8089044522 0.3035017509 0.0042198816 0.00000000
20 0.7908954477 0.2934562519 0.0038723412 0.00000000
21 0.7923961981 0.2796625586 0.0037385305 0.00000000
22 0.7963981991 0.2668725667 0.0036005335 0.00000000
23 0.8049024512 0.2508754377 0.0034861668 0.00000000
24 0.8074037019 0.2382791396 0.0033787242 0.00000000
25 0.8064032016 0.2286912687 0.0032200611 0.00000000
26 0.8054027014 0.2198321383 0.0030884554 0.00000000
27 0.8134067034 0.2101229186 0.0030699361 0.00000000
28 0.8229114557 0.1990132998 0.0029788609 0.00000000
29 0.8279139570 0.1908454227 0.0028724103 0.00000000
30 0.8744372186 0.1452661815 0.0090261275 10.77142857
31 0.8764382191 0.1390695348 0.0090695630 10.85714286
32 0.8729364682 0.1384783301 0.0088851828 11.31428571
33 0.8724362181 0.1345084307 0.0086768439 11.37142857
34 0.8724362181 0.1314943186 0.0084452927 11.25714286
35 0.8779389695 0.1265632816 0.0083313960 11.11428571
36 0.8779389695 0.1228452064 0.0080958416 11.40000000
37 0.8869434717 0.1166767594 0.0077714758 10.57142857
38 0.8829414707 0.1160836829 0.0078581775 11.14285714
39 0.8874437219 0.1118059030 0.0077367416 11.11428571
40 0.8859429715 0.1094449664 0.0074211350 11.62857143
41 0.8889444722 0.1048143119 0.0073902118 11.60000000
42 0.8919459730 0.1025629094 0.0072564718 11.82857143
43 0.8914457229 0.1005389058 0.0070255025 11.71428571
44 0.8929464732 0.0972152743 0.0067865469 11.51428571
45 0.8914457229 0.0951780238 0.0067315085 11.60000000
46 0.8939469735 0.0923759752 0.0066116878 11.31428571
47 0.8969484742 0.0900241788 0.0065092781 11.40000000
48 0.8979489745 0.0878194199 0.0063918720 11.34285714
49 0.9004502251 0.0858229115 0.0063459679 11.40000000
50 0.9004502251 0.0825903148 0.0062742450 11.17142857
51 0.8949474737 0.0821083619 0.0062064287 11.82857143
52 0.8979489745 0.0800494587 0.0060433076 11.28571429
53 0.8989494747 0.0780390195 0.0059739899 11.45714286
54 0.9164582291 0.0736186275 0.0057455923 10.31428571
55 0.9029514757 0.0757789609 0.0059530332 11.88571429
56 0.9044522261 0.0745811502 0.0058764513 11.51428571
57 0.9054527264 0.0732262683 0.0057244632 11.74285714
58 0.8984492246 0.0737572176 0.0056174852 11.65714286
59 0.8999499750 0.0725529431 0.0055339552 11.68571429
access %, disaccess %
0.01466316226310693, 0.07291555460659763
|M| = 40
make network |V|=2000 |E|=4000
                not_group                          group  
t, Accessible, ave_query, ave_time, TABLE_REQ
00 0.8409204602 5.4392196098 0.0952314553 0.00000000
01 0.7428714357 3.3274137069 0.0372042631 0.00000000
02 0.7343671836 2.2372853093 0.0247077756 0.00000000
03 0.7523761881 1.6529514757 0.0188512476 0.00000000
04 0.7768884442 1.2830415208 0.0158247401 0.00000000
05 0.7598799400 1.0910455228 0.0127449576 0.00000000
06 0.7658829415 0.9276066605 0.0108791894 0.00000000
07 0.7708854427 0.8057153577 0.0096656490 0.00000000
08 0.7803901951 0.7090211773 0.0087653815 0.00000000
09 0.7868934467 0.6343671836 0.0081229812 0.00000000
10 0.8034017009 0.5495020237 0.0075767516 0.00000000
11 0.8114057029 0.5081707520 0.0069453315 0.00000000
12 0.8274137069 0.4585754416 0.0066175759 0.00000000
13 0.8259129565 0.4296791253 0.0061250751 0.00000000
14 0.8279139570 0.3984325496 0.0057302486 0.00000000
15 0.8304152076 0.3715920460 0.0053038984 0.00000000
16 0.8089044522 0.3590618839 0.0049120287 0.00000000
17 0.7883941971 0.3463120449 0.0045602961 0.00000000
18 0.7823911956 0.3268739633 0.0042290522 0.00000000
19 0.8089044522 0.3035017509 0.0042292129 0.00000000
20 0.7908954477 0.2934562519 0.0039520700 0.00000000
21 0.7923961981 0.2796625586 0.0037259798 0.00000000
22 0.7963981991 0.2668725667 0.0036001621 0.00000000
23 0.8049024512 0.2508754377 0.0034926908 0.00000000
24 0.8074037019 0.2382791396 0.0033776539 0.00000000
25 0.8064032016 0.2286912687 0.0032235799 0.00000000
26 0.8054027014 0.2198321383 0.0030953563 0.00000000
27 0.8134067034 0.2101229186 0.0030633120 0.00000000
28 0.8229114557 0.1990132998 0.0029789058 0.00000000
29 0.8279139570 0.1908454227 0.0028802288 0.00000000
30 0.8844422211 0.1397634301 0.0141338381 11.37500000
31 0.8869434717 0.1333166583 0.0143585600 11.32500000
32 0.8834417209 0.1332939197 0.0142249342 11.85000000
33 0.8834417209 0.1294617897 0.0138953283 11.92500000
34 0.8844422211 0.1263917673 0.0132171859 11.60000000
35 0.8849424712 0.1221999889 0.0127167010 11.42500000
36 0.8849424712 0.1187485635 0.0123452731 11.60000000
37 0.8919459730 0.1124772913 0.0115273123 10.90000000
38 0.8864432216 0.1125819320 0.0117344195 11.42500000
39 0.8899449725 0.1085292646 0.0112005814 11.37500000
40 0.8899449725 0.1053819593 0.0108900972 11.50000000
41 0.8909454727 0.1013363825 0.0107661867 11.45000000
42 0.8929464732 0.0982933327 0.0104590659 11.35000000
43 0.8909454727 0.0974009732 0.0101277992 11.55000000
44 0.8939469735 0.0947251403 0.0100979268 11.40000000
45 0.8929464732 0.0926767732 0.0098458679 11.32500000
46 0.8949474737 0.0898960118 0.0096435744 11.15000000
47 0.8979489745 0.0876479907 0.0094720709 11.10000000
48 0.8994497249 0.0854100520 0.0092872176 10.97500000
49 0.9009504752 0.0835117559 0.0091164535 10.97500000
50 0.9014507254 0.0803440936 0.0089635600 10.80000000
51 0.8964482241 0.0798764767 0.0089016943 11.42500000
52 0.8974487244 0.0781522837 0.0085019113 11.10000000
53 0.9009504752 0.0761121301 0.0086066579 11.15000000
54 0.9199599800 0.0712447133 0.0088218531 9.95000000
55 0.9054527264 0.0735457014 0.0086389503 11.77500000
56 0.9089544772 0.0725187155 0.0086790251 11.10000000
57 0.9099549775 0.0711303928 0.0085362099 11.37500000
58 0.9064532266 0.0712390093 0.0082090097 11.10000000
59 0.9064532266 0.0703601801 0.0081256563 11.17500000
access %, disaccess %
0.014617029874725252, 0.07314829843640101
|M| = 45
make network |V|=2000 |E|=4000
                not_group                          group  
t, Accessible, ave_query, ave_time, TABLE_REQ
00 0.8409204602 5.4392196098 0.0996304522 0.00000000
01 0.7428714357 3.3274137069 0.0497202422 0.00000000
02 0.7343671836 2.2372853093 0.0268692262 0.00000000
03 0.7523761881 1.6529514757 0.0195725000 0.00000000
04 0.7768884442 1.2830415208 0.0160105728 0.00000000
05 0.7598799400 1.0910455228 0.0127910657 0.00000000
06 0.7658829415 0.9276066605 0.0110453033 0.00000000
07 0.7708854427 0.8057153577 0.0100080539 0.00000000
08 0.7803901951 0.7090211773 0.0088257585 0.00000000
09 0.7868934467 0.6343671836 0.0085849493 0.00000000
10 0.8034017009 0.5495020237 0.0081246565 0.00000000
11 0.8114057029 0.5081707520 0.0074135087 0.00000000
12 0.8274137069 0.4585754416 0.0070193427 0.00000000
13 0.8259129565 0.4296791253 0.0063204538 0.00000000
14 0.8279139570 0.3984325496 0.0057456271 0.00000000
15 0.8304152076 0.3715920460 0.0053184930 0.00000000
16 0.8089044522 0.3590618839 0.0049190393 0.00000000
17 0.7883941971 0.3463120449 0.0045615652 0.00000000
18 0.7823911956 0.3268739633 0.0042213547 0.00000000
19 0.8089044522 0.3035017509 0.0042389082 0.00000000
20 0.7908954477 0.2934562519 0.0038587531 0.00000000
21 0.7923961981 0.2796625586 0.0037256671 0.00000000
22 0.7963981991 0.2668725667 0.0036020782 0.00000000
23 0.8049024512 0.2508754377 0.0034857459 0.00000000
24 0.8074037019 0.2382791396 0.0033942158 0.00000000
25 0.8064032016 0.2286912687 0.0032234527 0.00000000
26 0.8054027014 0.2198321383 0.0030873177 0.00000000
27 0.8134067034 0.2101229186 0.0030677379 0.00000000
28 0.8229114557 0.1990132998 0.0029818014 0.00000000
29 0.8279139570 0.1908454227 0.0028779212 0.00000000
30 0.8929464732 0.1357452920 0.0188914532 11.40000000
31 0.8959479740 0.1292364932 0.0188883570 11.31111111
32 0.8909454727 0.1296860551 0.0187290989 11.75555556
33 0.8929464732 0.1257981932 0.0183033972 11.88888889
34 0.8919459730 0.1230758236 0.0173637790 11.55555556
35 0.8929464732 0.1194486132 0.0167499135 11.35555556
36 0.8944472236 0.1159498668 0.0164657535 11.66666667
37 0.9024512256 0.1092651589 0.0152088187 10.86666667
38 0.8954477239 0.1100165467 0.0156042824 11.57777778
39 0.8974487244 0.1055527764 0.0149303816 11.48888889
40 0.8979489745 0.1034175624 0.0143036124 11.48888889
41 0.8994497249 0.0986564711 0.0143188951 11.48888889
42 0.8994497249 0.0968623847 0.0136942516 11.33333333
43 0.8999499750 0.0938310064 0.0136835085 11.44444444
44 0.8999499750 0.0922016564 0.0131742172 11.24444444
45 0.8984492246 0.0902407726 0.0128987561 11.24444444
46 0.8994497249 0.0877779315 0.0125098652 11.02222222
47 0.9024512256 0.0855531933 0.0123781774 11.00000000
48 0.9039519760 0.0835723984 0.0120791436 10.88888889
49 0.9059529765 0.0805502751 0.0118621834 10.57777778
50 0.9084542271 0.0762538132 0.0113869766 9.97777778
51 0.8949474737 0.0784623081 0.0113668060 10.97777778
52 0.8979489745 0.0765760239 0.0109246424 10.64444444
53 0.9009504752 0.0745465325 0.0111688220 10.77777778
54 0.9164582291 0.0712447133 0.0110917845 10.20000000
55 0.9219609805 0.0675426999 0.0102538902 9.55555556
56 0.9224612306 0.0666473588 0.0102920525 9.55555556
57 0.9214607304 0.0654551414 0.0098032129 9.57777778
58 0.9194597299 0.0655921181 0.0098636233 9.55555556
59 0.9159579790 0.0653660163 0.0098404474 10.04444444
access %, disaccess %
0.014437563182741664, 0.07317343377831939
|M| = 50
make network |V|=2000 |E|=4000
                not_group                          group  
t, Accessible, ave_query, ave_time, TABLE_REQ
00 0.8409204602 5.4392196098 0.0953636194 0.00000000
01 0.7428714357 3.3274137069 0.0371996531 0.00000000
02 0.7343671836 2.2372853093 0.0247697520 0.00000000
03 0.7523761881 1.6529514757 0.0189152167 0.00000000
04 0.7768884442 1.2830415208 0.0158530225 0.00000000
05 0.7598799400 1.0910455228 0.0127283196 0.00000000
06 0.7658829415 0.9276066605 0.0108946817 0.00000000
07 0.7708854427 0.8057153577 0.0096579529 0.00000000
08 0.7803901951 0.7090211773 0.0087653153 0.00000000
09 0.7868934467 0.6343671836 0.0081110488 0.00000000
10 0.8034017009 0.5495020237 0.0075910180 0.00000000
11 0.8114057029 0.5081707520 0.0069403542 0.00000000
12 0.8274137069 0.4585754416 0.0066162429 0.00000000
13 0.8259129565 0.4296791253 0.0061072832 0.00000000
14 0.8279139570 0.3984325496 0.0057404556 0.00000000
15 0.8304152076 0.3715920460 0.0054190720 0.00000000
16 0.8089044522 0.3590618839 0.0049266391 0.00000000
17 0.7883941971 0.3463120449 0.0045574639 0.00000000
18 0.7823911956 0.3268739633 0.0042307323 0.00000000
19 0.8089044522 0.3035017509 0.0042347205 0.00000000
20 0.7908954477 0.2934562519 0.0038774470 0.00000000
21 0.7923961981 0.2796625586 0.0037258780 0.00000000
22 0.7963981991 0.2668725667 0.0035992341 0.00000000
23 0.8049024512 0.2508754377 0.0034848712 0.00000000
24 0.8074037019 0.2382791396 0.0033815138 0.00000000
25 0.8064032016 0.2286912687 0.0032208557 0.00000000
26 0.8054027014 0.2198321383 0.0030914867 0.00000000
27 0.8134067034 0.2101229186 0.0030643954 0.00000000
28 0.8229114557 0.1990132998 0.0029751124 0.00000000
29 0.8279139570 0.1908454227 0.0028727034 0.00000000
30 0.9009504752 0.1291936291 0.0247535905 11.74000000
31 0.9049524762 0.1216545773 0.0248936519 11.48000000
32 0.8969484742 0.1235617809 0.0243243052 12.08000000
33 0.9074537269 0.1151458082 0.0234482860 11.56000000
34 0.8959479740 0.1178160509 0.0224507021 11.84000000
35 0.8989494747 0.1140848202 0.0217280000 11.58000000
36 0.8999499750 0.1108662439 0.0213263473 11.90000000
37 0.9079539770 0.1042494932 0.0198985811 11.20000000
38 0.9014507254 0.1051294878 0.0202346498 11.80000000
39 0.9024512256 0.1009879940 0.0192327674 11.72000000
40 0.9014507254 0.0991349333 0.0186921069 11.76000000
41 0.9029514757 0.0947378451 0.0185204130 11.70000000
42 0.9029514757 0.0929883546 0.0178419447 11.70000000
43 0.9039519760 0.0901246078 0.0176130007 11.76000000
44 0.9039519760 0.0884108721 0.0172034879 11.60000000
45 0.9034517259 0.0864997716 0.0170665013 11.58000000
46 0.9054527264 0.0837759305 0.0166051458 11.42000000
47 0.9064532266 0.0818430048 0.0161609435 11.42000000
48 0.9059529765 0.0801829486 0.0158351293 11.26000000
49 0.9064532266 0.0773486743 0.0153576486 11.00000000
50 0.9099549775 0.0732817389 0.0146983474 10.38000000
51 0.8969484742 0.0755185285 0.0147036032 11.30000000
52 0.8994497249 0.0736877873 0.0141688258 11.04000000
53 0.9034517259 0.0717117818 0.0143560782 11.14000000
54 0.9204602301 0.0682432125 0.0144515373 10.68000000
55 0.9244622311 0.0647734582 0.0131203800 10.00000000
56 0.9254627314 0.0638213844 0.0131455305 9.96000000
57 0.9234617309 0.0627986407 0.0126017751 10.00000000
58 0.9234617309 0.0627941089 0.0126575762 10.02000000
59 0.9189594797 0.0628814407 0.0125931272 10.50000000
access %, disaccess %
0.014419970631424375, 0.07403035413153457
