|M| = 25
make network |V|=20 |E|=40
                flare                          flare.re  
t, Accessible, ave_query, ave_time, TABLE_REQ
00 0.1900000000 0.3684210526 0.0047872819 0.00000000
01 0.1900000000 0.2631578947 0.0041527246 0.00000000
02 0.1900000000 0.1578947368 0.0036415552 0.00000000
03 0.1900000000 0.8421052632 0.0044244465 0.00000000
04 0.1900000000 0.4210526316 0.0038050099 0.00000000
05 0.1900000000 0.8421052632 0.0045703712 0.00000000
06 0.1900000000 0.5789473684 0.0050097390 0.00000000
07 0.1900000000 0.7894736842 0.0039497300 0.00000000
08 0.1900000000 0.4210526316 0.0046274286 0.00000000
09 0.1900000000 0.0526315789 0.0027776517 0.00000000
10 0.0909090909 5.7894736842 0.0024369390 0.00000000
11 0.1900000000 0.2631578947 0.0035300380 0.00000000
12 0.0909090909 5.7894736842 0.0024477432 0.00000000
13 0.1900000000 0.1052631579 0.0024673311 0.00000000
14 0.0909090909 5.7894736842 0.0014804790 0.00000000
15 0.1900000000 0.2631578947 0.0035624379 0.00000000
16 0.0909090909 5.7894736842 0.0023393631 0.00000000
17 0.1900000000 0.1052631579 0.0024964809 0.00000000
18 0.0909090909 5.7894736842 0.0014497857 0.00000000
19 0.1900000000 0.2631578947 0.0035708202 0.00000000
20 0.0909090909 5.7894736842 0.0023600679 0.00000000
21 0.1900000000 0.1052631579 0.0024450076 0.00000000
22 0.0909090909 5.7894736842 0.0014647057 0.00000000
23 0.1900000000 0.2631578947 0.0035966196 0.00000000
24 0.0909090909 5.7894736842 0.0023912631 0.00000000
25 0.1900000000 0.1052631579 0.0025361965 0.00000000
26 0.0909090909 5.7894736842 0.0014302103 0.00000000
27 0.1900000000 0.2631578947 0.0036067712 0.00000000
28 0.0909090909 5.7894736842 0.0023753643 0.00000000
29 0.1900000000 0.1052631579 0.0024749731 0.00000000
30 0.1900000000 0.0000000000 0.0048413528 0.00000000
31 0.1900000000 0.0000000000 0.0022816909 0.00000000
32 0.1900000000 0.0526315789 0.0054377506 0.04000000
33 0.1900000000 0.0000000000 0.0017655147 0.00000000
34 0.1900000000 0.0000000000 0.0033510484 0.00000000
35 0.1900000000 0.0000000000 0.0024704431 0.00000000
36 0.1900000000 0.0000000000 0.0028784902 0.00000000
37 0.1900000000 0.0000000000 0.0022123487 0.00000000
38 0.1900000000 0.0000000000 0.0024978864 0.00000000
39 0.1900000000 0.0000000000 0.0032144471 0.00000000
40 0.1900000000 0.0000000000 0.0030151417 0.00000000
41 0.1900000000 0.0000000000 0.0023442695 0.00000000
42 0.1900000000 0.0000000000 0.0025544919 0.00000000
43 0.1900000000 0.0000000000 0.0022100649 0.00000000
44 0.1900000000 0.0000000000 0.0025228701 0.00000000
45 0.1900000000 0.0000000000 0.0023239788 0.00000000
46 0.1900000000 0.0000000000 0.0028696311 0.00000000
47 0.1900000000 0.0000000000 0.0021746661 0.00000000
48 0.1900000000 0.0000000000 0.0030018405 0.00000000
49 0.1900000000 0.0000000000 0.0021699102 0.00000000
50 0.1900000000 0.0000000000 0.0026338602 0.00000000
51 0.1900000000 0.0000000000 0.0021763099 0.00000000
52 0.1900000000 0.0000000000 0.0025684206 0.00000000
53 0.1900000000 0.0000000000 0.0021922588 0.00000000
54 0.1900000000 0.0000000000 0.0025082011 0.00000000
55 0.1900000000 0.0000000000 0.0021455790 0.00000000
56 0.1900000000 0.0000000000 0.0026015482 0.00000000
57 0.1900000000 0.0000000000 0.0021249119 0.00000000
58 0.1900000000 0.0000000000 0.0025857499 0.00000000
59 0.1900000000 0.0000000000 0.0021758958 0.00000000
group member
1
8
 
4
 
7
 
1
3
 
8
 
1
9
 
5
 
3
 
1
5
 
1
0
 
1
 
1
7
 
1
2
 
9
 
1
6
 
1
4
 
2
 
0
 
後半開始（偏りあり）
|M| = 15
make network |V|=2000 |E|=4000
                flare                          flare.re  
t, Accessible, ave_query, ave_time, TABLE_REQ
00 0.8659329665 4.8999499750 0.0589797115 0.00000000
01 0.8939469735 1.8194097049 0.0111170621 0.00000000
02 0.8984492246 1.6978489245 0.0100914299 0.00000000
03 0.9034517259 1.4442221111 0.0069004446 0.00000000
04 0.9139569785 1.3571785893 0.0073271311 0.00000000
05 0.9154577289 1.7648824412 0.0118008789 0.00000000
06 0.9229614807 1.3291645823 0.0076404678 0.00000000
07 0.9269634817 1.2241120560 0.0059093843 0.00000000
08 0.9324662331 1.2701350675 0.0076685639 0.00000000
09 0.9334667334 1.2436218109 0.0069742144 0.00000000
10 0.9329664832 1.3121560780 0.0074800828 0.00000000
11 0.9324662331 1.2521260630 0.0064576028 0.00000000
12 0.9424712356 1.3836918459 0.0090288825 0.00000000
13 0.9399699850 1.4397198599 0.0088293987 0.00000000
14 0.9399699850 1.2861430715 0.0074284339 0.00000000
15 0.9409704852 1.3631815908 0.0092588165 0.00000000
16 0.9404702351 1.3506753377 0.0082220716 0.00000000
17 0.9429714857 1.2316158079 0.0068377535 0.00000000
18 0.9434717359 1.3386693347 0.0090552721 0.00000000
19 0.9469734867 1.2541270635 0.0089687224 0.00000000
20 0.9479739870 1.1195597799 0.0070813359 0.00000000
21 0.9569784892 1.1460730365 0.0084820793 0.00000000
22 0.9559779890 0.9669834917 0.0059675127 0.00000000
23 0.9559779890 1.1410705353 0.0090597507 0.00000000
24 0.9539769885 1.0570285143 0.0074727913 0.00000000
25 0.9524762381 1.1915957979 0.0092689642 0.00000000
26 0.9504752376 1.2391195598 0.0090570792 0.00000000
27 0.9514757379 1.2706353177 0.0090543860 0.00000000
28 0.9539769885 1.1010505253 0.0076576069 0.00000000
29 0.9564782391 1.1170585293 0.0074351368 0.00000000
30 0.9689844922 0.8809404702 0.0113276896 27.06666667
31 0.9699849925 0.6573286643 0.0059122631 16.26666667
32 0.9749874937 0.5832916458 0.0052490146 14.13333333
33 0.9759879940 0.5377688844 0.0048610282 14.26666667
34 0.9749874937 0.6408204102 0.0063170083 19.80000000
35 0.9729864932 0.6923461731 0.0066494277 15.86666667
36 0.9694847424 0.9354677339 0.0115962360 37.26666667
37 0.9674837419 0.8139069535 0.0079763620 21.60000000
38 0.9664832416 0.8839419710 0.0084974314 22.00000000
39 0.9669834917 0.9024512256 0.0083427742 24.93333333
40 0.9624812406 0.8979489745 0.0090338022 23.40000000
41 0.9639819910 0.8559279640 0.0081778603 24.60000000
42 0.9634817409 0.8099049525 0.0071002504 22.00000000
43 0.9679839920 0.7523761881 0.0073600012 24.86666667
44 0.9699849925 0.7103551776 0.0070371426 26.60000000
45 0.9709854927 0.6653326663 0.0064934867 24.20000000
46 0.9724862431 0.7223611806 0.0085354148 28.86666667
47 0.9729864932 0.7083541771 0.0088890410 26.40000000
48 0.9689844922 0.7043521761 0.0071704512 23.00000000
49 0.9709854927 0.6103051526 0.0062700715 23.20000000
50 0.9719859930 0.8114057029 0.0117204468 37.80000000
51 0.9734867434 0.8999499750 0.0135911674 41.26666667
52 0.9724862431 0.7933966983 0.0112993581 39.33333333
53 0.9734867434 0.8059029515 0.0119022367 40.93333333
54 0.9719859930 0.8784392196 0.0134569844 41.40000000
55 0.9744872436 0.8369184592 0.0121200756 40.00000000
56 0.9749874937 0.8479239620 0.0130489191 41.00000000
57 0.9714857429 0.9099549775 0.0132833132 35.86666667
58 0.9744872436 0.7718859430 0.0107603753 32.26666667
59 0.9734867434 0.7518759380 0.0105833451 32.40000000
member
38 742 1610 1935 1582 736 1744 1600 1245 40 743 32 35 39 1959
|M| = 20
make network |V|=2000 |E|=4000
                flare                          flare.re  
t, Accessible, ave_query, ave_time, TABLE_REQ
00 0.8659329665 4.8999499750 0.0603734811 0.00000000
01 0.8939469735 1.8194097049 0.0111832570 0.00000000
02 0.8984492246 1.6978489245 0.0102116667 0.00000000
03 0.9034517259 1.4442221111 0.0069800451 0.00000000
04 0.9139569785 1.3571785893 0.0068101239 0.00000000
05 0.9154577289 1.7648824412 0.0119736611 0.00000000
06 0.9229614807 1.3291645823 0.0076576827 0.00000000
07 0.9269634817 1.2241120560 0.0059527511 0.00000000
08 0.9324662331 1.2701350675 0.0077823904 0.00000000
09 0.9334667334 1.2436218109 0.0070278548 0.00000000
10 0.9329664832 1.3121560780 0.0074983070 0.00000000
11 0.9324662331 1.2521260630 0.0065272166 0.00000000
12 0.9424712356 1.3836918459 0.0091831375 0.00000000
13 0.9399699850 1.4397198599 0.0088713008 0.00000000
14 0.9399699850 1.2861430715 0.0074614440 0.00000000
15 0.9409704852 1.3631815908 0.0093370573 0.00000000
16 0.9404702351 1.3506753377 0.0082322555 0.00000000
17 0.9429714857 1.2316158079 0.0068969406 0.00000000
18 0.9434717359 1.3386693347 0.0090974644 0.00000000
19 0.9469734867 1.2541270635 0.0090676485 0.00000000
20 0.9479739870 1.1195597799 0.0071069972 0.00000000
21 0.9569784892 1.1460730365 0.0085004525 0.00000000
22 0.9559779890 0.9669834917 0.0060275615 0.00000000
23 0.9559779890 1.1410705353 0.0091142864 0.00000000
24 0.9539769885 1.0570285143 0.0075152508 0.00000000
25 0.9524762381 1.1915957979 0.0092902364 0.00000000
26 0.9504752376 1.2391195598 0.0091746292 0.00000000
27 0.9514757379 1.2706353177 0.0090989174 0.00000000
28 0.9539769885 1.1010505253 0.0076498945 0.00000000
29 0.9564782391 1.1170585293 0.0074639040 0.00000000
30 0.9734867434 0.8429214607 0.0126052311 22.90000000
31 0.9749874937 0.5752876438 0.0058788697 12.45000000
32 0.9789894947 0.4972486243 0.0050444088 11.10000000
33 0.9789894947 0.4737368684 0.0046032892 11.45000000
34 0.9779889945 0.5817908954 0.0064853069 15.55000000
35 0.9764882441 0.6328164082 0.0065263599 13.70000000
36 0.9724862431 0.8749374687 0.0116530603 28.90000000
37 0.9714857429 0.7443721861 0.0085067521 16.65000000
38 0.9699849925 0.8139069535 0.0088100962 17.80000000
39 0.9689844922 0.8364182091 0.0081906020 19.60000000
40 0.9644822411 0.8519259630 0.0091301975 19.30000000
41 0.9654827414 0.7888944472 0.0079191870 18.95000000
42 0.9649824912 0.7413706853 0.0067447914 16.90000000
43 0.9704852426 0.6873436718 0.0074107177 18.95000000
44 0.9719859930 0.6773386693 0.0092418063 21.55000000
45 0.9724862431 0.6343171586 0.0071981208 18.95000000
46 0.9734867434 0.6733366683 0.0086265450 21.15000000
47 0.9744872436 0.6723361681 0.0091615448 20.65000000
48 0.9709854927 0.6498249125 0.0075597653 18.25000000
49 0.9724862431 0.5557778889 0.0060794681 17.50000000
50 0.9729864932 0.7488744372 0.0115813007 27.50000000
51 0.9744872436 0.8864432216 0.0139211160 31.70000000
52 0.9739869935 0.7593796898 0.0107982037 28.90000000
53 0.9739869935 0.7868934467 0.0119456869 30.95000000
54 0.9734867434 0.8274137069 0.0125241053 30.55000000
55 0.9744872436 0.7898949475 0.0116486614 29.55000000
56 0.9754877439 0.8044022011 0.0131924715 30.40000000
57 0.9729864932 0.8394197099 0.0123981555 27.75000000
58 0.9749874937 0.7138569285 0.0101439461 24.50000000
59 0.9744872436 0.7138569285 0.0104680224 25.10000000
member
38 742 1610 1600 736 1744 1245 743 1606 1261 1754 32 1747 1253 35 39 1959 1935 1582 40
|M| = 25
make network |V|=2000 |E|=4000
                flare                          flare.re  
t, Accessible, ave_query, ave_time, TABLE_REQ
00 0.8659329665 4.8999499750 0.0603294136 0.00000000
01 0.8939469735 1.8194097049 0.0112698537 0.00000000
02 0.8984492246 1.6978489245 0.0102969431 0.00000000
03 0.9034517259 1.4442221111 0.0069891083 0.00000000
04 0.9139569785 1.3571785893 0.0068741194 0.00000000
05 0.9154577289 1.7648824412 0.0120297083 0.00000000
06 0.9229614807 1.3291645823 0.0077089964 0.00000000
07 0.9269634817 1.2241120560 0.0059503625 0.00000000
08 0.9324662331 1.2701350675 0.0078333348 0.00000000
09 0.9334667334 1.2436218109 0.0071696766 0.00000000
10 0.9329664832 1.3121560780 0.0075451889 0.00000000
11 0.9324662331 1.2521260630 0.0065816482 0.00000000
12 0.9424712356 1.3836918459 0.0091974905 0.00000000
13 0.9399699850 1.4397198599 0.0089819757 0.00000000
14 0.9399699850 1.2861430715 0.0074412129 0.00000000
15 0.9409704852 1.3631815908 0.0093578214 0.00000000
16 0.9404702351 1.3506753377 0.0082854823 0.00000000
17 0.9429714857 1.2316158079 0.0068662409 0.00000000
18 0.9434717359 1.3386693347 0.0091407175 0.00000000
19 0.9469734867 1.2541270635 0.0090239228 0.00000000
20 0.9479739870 1.1195597799 0.0071083346 0.00000000
21 0.9569784892 1.1460730365 0.0085463696 0.00000000
22 0.9559779890 0.9669834917 0.0059865608 0.00000000
23 0.9559779890 1.1410705353 0.0090970373 0.00000000
24 0.9539769885 1.0570285143 0.0075670194 0.00000000
25 0.9524762381 1.1915957979 0.0092969470 0.00000000
26 0.9504752376 1.2391195598 0.0091257799 0.00000000
27 0.9514757379 1.2706353177 0.0091120920 0.00000000
28 0.9539769885 1.1010505253 0.0077119561 0.00000000
29 0.9564782391 1.1170585293 0.0074709216 0.00000000
30 0.9744872436 0.8259129565 0.0133056328 18.76000000
31 0.9759879940 0.5832916458 0.0057183959 9.72000000
32 0.9799899950 0.4957478739 0.0046562768 8.32000000
33 0.9789894947 0.4547273637 0.0030149667 7.84000000
34 0.9774887444 0.5937968984 0.0060892806 11.88000000
35 0.9759879940 0.6603301651 0.0066550500 11.28000000
36 0.9729864932 0.8484242121 0.0098381144 19.84000000
37 0.9734867434 0.8059029515 0.0089668273 14.08000000
38 0.9724862431 0.8714357179 0.0093748678 14.84000000
39 0.9739869935 0.8424212106 0.0079337687 14.48000000
40 0.9689844922 0.8169084542 0.0085913927 13.40000000
41 0.9694847424 0.7703851926 0.0076911693 12.68000000
42 0.9689844922 0.7063531766 0.0058487006 11.28000000
43 0.9729864932 0.6643321661 0.0055011886 12.64000000
44 0.9754877439 0.6813406703 0.0094994282 15.56000000
45 0.9754877439 0.6278139070 0.0063579439 12.96000000
46 0.9769884942 0.6733366683 0.0079020872 15.00000000
47 0.9769884942 0.7043521761 0.0083898179 15.60000000
48 0.9729864932 0.7033516758 0.0080641075 13.36000000
49 0.9739869935 0.6053026513 0.0055267472 12.24000000
50 0.9739869935 0.8114057029 0.0119325629 20.84000000
51 0.9784892446 0.7938969485 0.0127896848 22.64000000
52 0.9789894947 0.5217608804 0.0054365321 12.28000000
53 0.9794897449 0.5412706353 0.0062121159 13.12000000
54 0.9789894947 0.5762881441 0.0066965493 13.32000000
55 0.9799899950 0.5502751376 0.0063498106 12.48000000
56 0.9809904952 0.5617808904 0.0077673188 13.32000000
57 0.9779889945 0.5952976488 0.0066498479 11.44000000
58 0.9799899950 0.4687343672 0.0044076148 8.64000000
59 0.9784892446 0.4827413707 0.0046761926 9.44000000
member
38 742 1610 1600 736 1744 1606 1245 743 1261 1754 32 1747 1253 746 1745 35 1751 744 1243 39 1959 1935 1582 40 
|M| = 30
make network |V|=2000 |E|=4000
                flare                          flare.re  
t, Accessible, ave_query, ave_time, TABLE_REQ
00 0.8659329665 4.8999499750 0.0602380217 0.00000000
01 0.8939469735 1.8194097049 0.0113635742 0.00000000
02 0.8984492246 1.6978489245 0.0102513478 0.00000000
03 0.9034517259 1.4442221111 0.0069700372 0.00000000
04 0.9139569785 1.3571785893 0.0068773720 0.00000000
05 0.9154577289 1.7648824412 0.0119355541 0.00000000
06 0.9229614807 1.3291645823 0.0076952282 0.00000000
07 0.9269634817 1.2241120560 0.0059472095 0.00000000
08 0.9324662331 1.2701350675 0.0078046379 0.00000000
09 0.9334667334 1.2436218109 0.0070452698 0.00000000
10 0.9329664832 1.3121560780 0.0075214156 0.00000000
11 0.9324662331 1.2521260630 0.0065363566 0.00000000
12 0.9424712356 1.3836918459 0.0091296001 0.00000000
13 0.9399699850 1.4397198599 0.0088916109 0.00000000
14 0.9399699850 1.2861430715 0.0075092371 0.00000000
15 0.9409704852 1.3631815908 0.0093670523 0.00000000
16 0.9404702351 1.3506753377 0.0083179551 0.00000000
17 0.9429714857 1.2316158079 0.0068745790 0.00000000
18 0.9434717359 1.3386693347 0.0091065279 0.00000000
19 0.9469734867 1.2541270635 0.0090756063 0.00000000
20 0.9479739870 1.1195597799 0.0071688098 0.00000000
21 0.9569784892 1.1460730365 0.0085724911 0.00000000
22 0.9559779890 0.9669834917 0.0060280739 0.00000000
23 0.9559779890 1.1410705353 0.0091199921 0.00000000
24 0.9539769885 1.0570285143 0.0075571172 0.00000000
25 0.9524762381 1.1915957979 0.0093116878 0.00000000
26 0.9504752376 1.2391195598 0.0091668732 0.00000000
27 0.9514757379 1.2706353177 0.0092368881 0.00000000
28 0.9539769885 1.1010505253 0.0076771385 0.00000000
29 0.9564782391 1.1170585293 0.0074754469 0.00000000
30 0.9814907454 0.7703851926 0.0131947551 15.66666667
31 0.9819909955 0.5067533767 0.0058555271 8.26666667
32 0.9844922461 0.4387193597 0.0047922634 6.96666667
33 0.9844922461 0.3951975988 0.0034175285 6.50000000
34 0.9829914957 0.5487743872 0.0072117226 10.70000000
35 0.9814907454 0.6183091546 0.0069188156 11.10000000
36 0.9779889945 0.7628814407 0.0085695077 16.70000000
37 0.9774887444 0.7173586793 0.0087597039 12.30000000
38 0.9764882441 0.8039019510 0.0094454978 13.46666667
39 0.9764882441 0.7813906953 0.0083736516 13.33333333
40 0.9724862431 0.7453726863 0.0086235342 11.80000000
41 0.9754877439 0.6678339170 0.0083826369 11.26666667
42 0.9769884942 0.5917958979 0.0061723382 10.13333333
43 0.9794897449 0.5477738869 0.0052426651 9.93333333
44 0.9789894947 0.5847923962 0.0090297180 12.43333333
45 0.9794897449 0.5627813907 0.0065410284 11.60000000
46 0.9804902451 0.6233116558 0.0088261954 14.06666667
47 0.9809904952 0.6598299150 0.0098429575 14.66666667
48 0.9789894947 0.6368184092 0.0096786138 12.86666667
49 0.9789894947 0.5202601301 0.0060357498 10.73333333
50 0.9799899950 0.7278639320 0.0134684299 18.46666667
51 0.9819909955 0.7393696848 0.0123120678 17.66666667
52 0.9829914957 0.5092546273 0.0065158160 11.26666667
53 0.9834917459 0.5287643822 0.0074535063 12.30000000
54 0.9839919960 0.5582791396 0.0083569748 12.46666667
55 0.9844922461 0.5342671336 0.0078514173 11.83333333
56 0.9839919960 0.5377688844 0.0078880027 11.83333333
57 0.9819909955 0.5612806403 0.0067180957 10.53333333
58 0.9819909955 0.4387193597 0.0046139716 7.80000000
59 0.9814907454 0.4587293647 0.0048309562 8.83333333
group member
38 742 1610 1600 736 1744 1606 1245 743 1261 1754 32 1747 1253 1745 746 35 1243 744 1751 39 1748 1251 1959 1244 750 1935 1582 40 1956 
後半開始（偏りあり）
|M| = 15
make network |V|=2000 |E|=4000
                flare                          flare.re  
t, Accessible, ave_query, ave_time, TABLE_REQ
00 0.8435000000 5.1995000000 0.0634717512 0.00000000
01 0.8740000000 2.0240000000 0.0124019544 0.00000000
02 0.8865000000 1.8280000000 0.0102500087 0.00000000
03 0.8905000000 1.6260000000 0.0077075200 0.00000000
04 0.8995000000 1.5390000000 0.0071366386 0.00000000
05 0.9120000000 1.8050000000 0.0122504518 0.00000000
06 0.9150000000 1.4920000000 0.0082322979 0.00000000
07 0.9205000000 1.4465000000 0.0070482726 0.00000000
08 0.9230000000 1.5145000000 0.0086762569 0.00000000
09 0.9250000000 1.4725000000 0.0075090319 0.00000000
10 0.9255000000 1.4215000000 0.0072904199 0.00000000
11 0.9300000000 1.3490000000 0.0070507916 0.00000000
12 0.9240000000 1.5375000000 0.0089396176 0.00000000
13 0.9240000000 1.5735000000 0.0087508235 0.00000000
14 0.9245000000 1.4005000000 0.0071838605 0.00000000
15 0.9250000000 1.6195000000 0.0105487332 0.00000000
16 0.9245000000 1.6405000000 0.0099410917 0.00000000
17 0.9260000000 1.6245000000 0.0094329237 0.00000000
18 0.9285000000 1.4855000000 0.0083319285 0.00000000
19 0.9280000000 1.4290000000 0.0068418840 0.00000000
20 0.9280000000 1.4240000000 0.0062916727 0.00000000
21 0.9360000000 1.4185000000 0.0100047837 0.00000000
22 0.9375000000 1.2390000000 0.0073754901 0.00000000
23 0.9355000000 1.4000000000 0.0090777929 0.00000000
24 0.9410000000 1.2175000000 0.0077468069 0.00000000
25 0.9375000000 1.4055000000 0.0099157683 0.00000000
26 0.9400000000 1.3150000000 0.0081789826 0.00000000
27 0.9430000000 1.2745000000 0.0077043109 0.00000000
28 0.9435000000 1.1420000000 0.0069789685 0.00000000
29 0.9455000000 1.1505000000 0.0073311113 0.00000000
30 0.9695000000 0.8500000000 0.0118089038 23.86666667
31 0.9735000000 0.6275000000 0.0083402950 17.80000000
32 0.9735000000 0.6455000000 0.0066257713 14.26666667
33 0.9715000000 0.5955000000 0.0052525969 12.40000000
34 0.9700000000 0.6880000000 0.0077854342 18.06666667
35 0.9730000000 0.6635000000 0.0065378606 15.33333333
36 0.9685000000 0.8790000000 0.0139428164 32.20000000
37 0.9695000000 0.8240000000 0.0126721157 26.33333333
38 0.9685000000 0.8775000000 0.0121024882 21.80000000
39 0.9660000000 0.8355000000 0.0086909336 19.33333333
40 0.9640000000 0.8430000000 0.0091601845 23.00000000
41 0.9650000000 0.7940000000 0.0082744949 22.53333333
42 0.9640000000 0.7815000000 0.0074100006 21.73333333
43 0.9645000000 0.7100000000 0.0059216845 18.73333333
44 0.9655000000 0.7625000000 0.0086926876 25.80000000
45 0.9665000000 0.6920000000 0.0075064200 23.60000000
46 0.9660000000 0.7535000000 0.0076756872 27.33333333
47 0.9670000000 0.7495000000 0.0092722633 27.33333333
48 0.9680000000 0.7775000000 0.0093355426 30.60000000
49 0.9670000000 0.6985000000 0.0067680788 25.80000000
50 0.9655000000 0.9135000000 0.0129504761 37.60000000
51 0.9640000000 0.8910000000 0.0103704381 34.13333333
52 0.9650000000 0.7900000000 0.0087562214 30.00000000
53 0.9655000000 0.7555000000 0.0094351062 31.13333333
54 0.9650000000 0.8430000000 0.0109482220 33.13333333
55 0.9635000000 0.8785000000 0.0111678892 33.80000000
56 0.9635000000 0.8075000000 0.0105174907 33.00000000
57 0.9635000000 0.9000000000 0.0115750515 28.00000000
58 0.9625000000 0.7805000000 0.0094493169 25.26666667
59 0.9625000000 0.7625000000 0.0085464742 25.13333333
group
34 742 1610 1582 33 1744 1560 29 1559 32 79 1923 76 22 31 
|M| = 20
make network |V|=2000 |E|=4000
                flare                          flare.re  
t, Accessible, ave_query, ave_time, TABLE_REQ
00 0.8435000000 5.1995000000 0.0641353663 0.00000000
01 0.8740000000 2.0240000000 0.0123336061 0.00000000
02 0.8865000000 1.8280000000 0.0103314294 0.00000000
03 0.8905000000 1.6260000000 0.0077067720 0.00000000
04 0.8995000000 1.5390000000 0.0071251385 0.00000000
05 0.9120000000 1.8050000000 0.0122248021 0.00000000
06 0.9150000000 1.4920000000 0.0082228706 0.00000000
07 0.9205000000 1.4465000000 0.0070423373 0.00000000
08 0.9230000000 1.5145000000 0.0086438249 0.00000000
09 0.9250000000 1.4725000000 0.0074807546 0.00000000
10 0.9255000000 1.4215000000 0.0072662449 0.00000000
11 0.9300000000 1.3490000000 0.0070147027 0.00000000
12 0.9240000000 1.5375000000 0.0089139879 0.00000000
13 0.9240000000 1.5735000000 0.0086846451 0.00000000
14 0.9245000000 1.4005000000 0.0071218084 0.00000000
15 0.9250000000 1.6195000000 0.0105563953 0.00000000
16 0.9245000000 1.6405000000 0.0100290822 0.00000000
17 0.9260000000 1.6245000000 0.0094555280 0.00000000
18 0.9285000000 1.4855000000 0.0083063107 0.00000000
19 0.9280000000 1.4290000000 0.0067272577 0.00000000
20 0.9280000000 1.4240000000 0.0063189158 0.00000000
21 0.9360000000 1.4185000000 0.0099959091 0.00000000
22 0.9375000000 1.2390000000 0.0072924246 0.00000000
23 0.9355000000 1.4000000000 0.0090566543 0.00000000
24 0.9410000000 1.2175000000 0.0077651818 0.00000000
25 0.9375000000 1.4055000000 0.0099599657 0.00000000
26 0.9400000000 1.3150000000 0.0082497612 0.00000000
27 0.9430000000 1.2745000000 0.0076676641 0.00000000
28 0.9435000000 1.1420000000 0.0069818769 0.00000000
29 0.9455000000 1.1505000000 0.0073273855 0.00000000
30 0.9730000000 0.8025000000 0.0120825915 19.65000000
31 0.9730000000 0.5960000000 0.0081668949 14.30000000
32 0.9735000000 0.6285000000 0.0071464148 12.65000000
33 0.9725000000 0.5635000000 0.0054837333 10.20000000
34 0.9715000000 0.6560000000 0.0079121671 15.25000000
35 0.9740000000 0.6460000000 0.0083566388 13.55000000
36 0.9720000000 0.8270000000 0.0143373451 24.55000000
37 0.9725000000 0.6795000000 0.0088503886 14.55000000
38 0.9730000000 0.8025000000 0.0124068353 18.10000000
39 0.9690000000 0.7890000000 0.0109745401 17.10000000
40 0.9680000000 0.8055000000 0.0122970494 19.10000000
41 0.9700000000 0.7255000000 0.0099957269 19.00000000
42 0.9705000000 0.7100000000 0.0094366620 16.90000000
43 0.9720000000 0.6060000000 0.0070624800 14.65000000
44 0.9720000000 0.6605000000 0.0100789727 19.40000000
45 0.9740000000 0.5655000000 0.0079130636 16.20000000
46 0.9735000000 0.6110000000 0.0091612194 18.60000000
47 0.9750000000 0.5965000000 0.0095932099 18.40000000
48 0.9755000000 0.6505000000 0.0107664837 21.65000000
49 0.9745000000 0.5600000000 0.0068693208 17.00000000
50 0.9740000000 0.7580000000 0.0136238674 25.95000000
51 0.9705000000 0.7950000000 0.0117747494 25.70000000
52 0.9710000000 0.6820000000 0.0087666564 20.60000000
53 0.9720000000 0.6635000000 0.0099399909 22.60000000
54 0.9715000000 0.7420000000 0.0119063908 24.85000000
55 0.9700000000 0.7585000000 0.0121339645 24.45000000
56 0.9710000000 0.6910000000 0.0110567663 23.20000000
57 0.9705000000 0.7625000000 0.0113065033 21.95000000
58 0.9705000000 0.6355000000 0.0096349586 18.20000000
59 0.9710000000 0.6315000000 0.0086871493 18.60000000
group
742 1610 33 1560 1744 736 1245 743 29 1559 1261 32 1253 1923 34 1582 79 76 22 31 
|M| = 25
make network |V|=2000 |E|=4000
                flare                          flare.re  
t, Accessible, ave_query, ave_time, TABLE_REQ
00 0.8435000000 5.1995000000 0.0634287642 0.00000000
01 0.8740000000 2.0240000000 0.0123404746 0.00000000
02 0.8865000000 1.8280000000 0.0103153952 0.00000000
03 0.8905000000 1.6260000000 0.0076979474 0.00000000
04 0.8995000000 1.5390000000 0.0071414261 0.00000000
05 0.9120000000 1.8050000000 0.0122295032 0.00000000
06 0.9150000000 1.4920000000 0.0082768950 0.00000000
07 0.9205000000 1.4465000000 0.0070735078 0.00000000
08 0.9230000000 1.5145000000 0.0087180178 0.00000000
09 0.9250000000 1.4725000000 0.0075029771 0.00000000
10 0.9255000000 1.4215000000 0.0073347236 0.00000000
11 0.9300000000 1.3490000000 0.0070798724 0.00000000
12 0.9240000000 1.5375000000 0.0089685626 0.00000000
13 0.9240000000 1.5735000000 0.0087396256 0.00000000
14 0.9245000000 1.4005000000 0.0071688448 0.00000000
15 0.9250000000 1.6195000000 0.0105748490 0.00000000
16 0.9245000000 1.6405000000 0.0099250807 0.00000000
17 0.9260000000 1.6245000000 0.0094776330 0.00000000
18 0.9285000000 1.4855000000 0.0083212144 0.00000000
19 0.9280000000 1.4290000000 0.0067545217 0.00000000
20 0.9280000000 1.4240000000 0.0063969238 0.00000000
21 0.9360000000 1.4185000000 0.0101170962 0.00000000
22 0.9375000000 1.2390000000 0.0073134563 0.00000000
23 0.9355000000 1.4000000000 0.0091006140 0.00000000
24 0.9410000000 1.2175000000 0.0078003720 0.00000000
25 0.9375000000 1.4055000000 0.0099100593 0.00000000
26 0.9400000000 1.3150000000 0.0082220956 0.00000000
27 0.9430000000 1.2745000000 0.0076807908 0.00000000
28 0.9435000000 1.1420000000 0.0069917017 0.00000000
29 0.9455000000 1.1505000000 0.0073410095 0.00000000
30 0.9765000000 0.7685000000 0.0137722704 17.88000000
31 0.9760000000 0.5225000000 0.0070879109 11.56000000
32 0.9770000000 0.5585000000 0.0063741516 10.52000000
33 0.9745000000 0.5125000000 0.0050521795 9.32000000
34 0.9740000000 0.6050000000 0.0069150187 12.72000000
35 0.9740000000 0.6270000000 0.0082186607 12.48000000
36 0.9705000000 0.8120000000 0.0128941983 20.88000000
37 0.9705000000 0.7080000000 0.0100827880 16.40000000
38 0.9710000000 0.8765000000 0.0145419564 20.68000000
39 0.9660000000 0.8110000000 0.0109680895 15.32000000
40 0.9665000000 0.8420000000 0.0128857950 16.48000000
41 0.9665000000 0.7500000000 0.0101803795 16.28000000
42 0.9660000000 0.7430000000 0.0085497200 14.20000000
43 0.9685000000 0.6300000000 0.0063467377 12.08000000
44 0.9690000000 0.6760000000 0.0087323674 15.52000000
45 0.9705000000 0.6120000000 0.0082735552 14.08000000
46 0.9700000000 0.6600000000 0.0101707745 16.32000000
47 0.9710000000 0.6580000000 0.0105770003 17.08000000
48 0.9720000000 0.7050000000 0.0112944074 19.08000000
49 0.9715000000 0.6120000000 0.0080655326 15.44000000
50 0.9705000000 0.7865000000 0.0129158844 22.20000000
51 0.9675000000 0.9240000000 0.0138998230 25.00000000
52 0.9675000000 0.7790000000 0.0106346099 19.88000000
53 0.9680000000 0.7440000000 0.0111182996 20.88000000
54 0.9675000000 0.8085000000 0.0121820469 22.28000000
55 0.9655000000 0.8135000000 0.0117828746 21.92000000
56 0.9675000000 0.7530000000 0.0107988993 21.08000000
57 0.9675000000 0.8150000000 0.0123013515 20.80000000
58 0.9670000000 0.6910000000 0.0088739228 17.32000000
59 0.9675000000 0.6980000000 0.0095567166 17.72000000
member
742 1610 33 1560 736 1744 1245 743 29 1559 1261 32 1118 1253 1923 746 1745 1243 744 34 1582 79 76 22 31
|M| = 30
make network |V|=2000 |E|=4000
                flare                          flare.re  
t, Accessible, ave_query, ave_time, TABLE_REQ
00 0.8435000000 5.1995000000 0.0634272636 0.00000000
01 0.8740000000 2.0240000000 0.0123356408 0.00000000
02 0.8865000000 1.8280000000 0.0103538716 0.00000000
03 0.8905000000 1.6260000000 0.0076777269 0.00000000
04 0.8995000000 1.5390000000 0.0071090871 0.00000000
05 0.9120000000 1.8050000000 0.0122500180 0.00000000
06 0.9150000000 1.4920000000 0.0082412806 0.00000000
07 0.9205000000 1.4465000000 0.0070306258 0.00000000
08 0.9230000000 1.5145000000 0.0087085580 0.00000000
09 0.9250000000 1.4725000000 0.0075380208 0.00000000
10 0.9255000000 1.4215000000 0.0072935840 0.00000000
11 0.9300000000 1.3490000000 0.0070571303 0.00000000
12 0.9240000000 1.5375000000 0.0090424763 0.00000000
13 0.9240000000 1.5735000000 0.0086633353 0.00000000
14 0.9245000000 1.4005000000 0.0071430779 0.00000000
15 0.9250000000 1.6195000000 0.0105919634 0.00000000
16 0.9245000000 1.6405000000 0.0099538224 0.00000000
17 0.9260000000 1.6245000000 0.0094543355 0.00000000
18 0.9285000000 1.4855000000 0.0083067825 0.00000000
19 0.9280000000 1.4290000000 0.0067119011 0.00000000
20 0.9280000000 1.4240000000 0.0062793167 0.00000000
21 0.9360000000 1.4185000000 0.0099828786 0.00000000
22 0.9375000000 1.2390000000 0.0072640537 0.00000000
23 0.9355000000 1.4000000000 0.0090523024 0.00000000
24 0.9410000000 1.2175000000 0.0077434314 0.00000000
25 0.9375000000 1.4055000000 0.0098835778 0.00000000
26 0.9400000000 1.3150000000 0.0082176943 0.00000000
27 0.9430000000 1.2745000000 0.0077102520 0.00000000
28 0.9435000000 1.1420000000 0.0069744413 0.00000000
29 0.9455000000 1.1505000000 0.0073556457 0.00000000
30 0.9765000000 0.7760000000 0.0137449794 16.83333333
31 0.9765000000 0.5525000000 0.0078916180 10.86666667
32 0.9770000000 0.5730000000 0.0065040531 9.70000000
33 0.9760000000 0.5075000000 0.0048077111 8.06666667
34 0.9755000000 0.6050000000 0.0073297415 11.30000000
35 0.9755000000 0.6340000000 0.0075035888 12.56666667
36 0.9735000000 0.7985000000 0.0136102626 17.80000000
37 0.9730000000 0.7065000000 0.0102449670 14.63333333
38 0.9725000000 0.8850000000 0.0157676687 18.76666667
39 0.9665000000 0.7875000000 0.0120369108 14.63333333
40 0.9665000000 0.8355000000 0.0119922024 15.63333333
41 0.9665000000 0.7735000000 0.0118619746 15.96666667
42 0.9645000000 0.7730000000 0.0086776805 14.70000000
43 0.9655000000 0.6905000000 0.0068079580 13.23333333
44 0.9670000000 0.7355000000 0.0107100505 16.16666667
45 0.9710000000 0.6560000000 0.0097926335 14.36666667
46 0.9710000000 0.6795000000 0.0106323580 15.66666667
47 0.9715000000 0.6700000000 0.0109133985 16.13333333
48 0.9720000000 0.7080000000 0.0121664861 17.76666667
49 0.9720000000 0.6200000000 0.0088249215 14.46666667
50 0.9690000000 0.7690000000 0.0125901164 18.43333333
51 0.9685000000 0.8125000000 0.0137134651 20.86666667
52 0.9685000000 0.7450000000 0.0117218640 17.53333333
53 0.9690000000 0.7085000000 0.0118746063 17.83333333
54 0.9680000000 0.7915000000 0.0135420152 19.80000000
55 0.9665000000 0.7495000000 0.0115912887 18.03333333
56 0.9680000000 0.7085000000 0.0121960548 17.40000000
57 0.9660000000 0.7730000000 0.0107636325 17.20000000
58 0.9660000000 0.6385000000 0.0081693025 14.00000000
59 0.9660000000 0.6700000000 0.0088888115 15.00000000
group member
742 1610 33 1560 736 1744 1245 743 29 1559 1261 32 1118 1253 1923 84 1745 746 744 1243 1748 1244 750 34 1746 1582 79 76 22 31 
後半開始（偏りあり）

後半開始（偏りあり）

後半開始（偏りあり）
