make network|V|=2000, |E|=4000
: 258.0689389705658[s]
simulation start
average time
Nbc 0 1 10
0 0.00036752307415008546 0.0021885025501251223 0.7194818972349167
1 0.0004019653797149658 0.002707409739494324 0.7791427490711212
2 0.00045221340656280515 0.003541347146034241 0.8578836295604706
3 0.0004922437667846679 0.004457200169563294 0.9211394265890122
4 0.0005284407138824462 0.005429401040077209 0.9655162076950073
5 0.0005893018245697021 0.0069045045375823975 1.032869127869606
6 0.0005975629091262817 0.007647114753723145 1.0410832252502442
7 0.0006296669244766236 0.008759689927101135 1.0758777021169663
8 0.0006747435331344604 0.010443526983261108 1.1376770523786546
9 0.0007219191789627075 0.013498220324516296 1.185667210817337
10 0.0007664586305618286 0.015644194960594177 1.2531112142801284
11 0.0007787102460861206 0.01883103024959564 1.2642852396965027
Accessible
Nbc 0 1 10 exxess
0 0.0 0.01535 0.78405 6.6832167413500105
1 0.0 0.0185 0.8155 6.6832167413500105
2 0.0 0.02285 0.84985 6.6832167413500105
3 0.0 0.02695 0.86765 6.6832167413500105
4 0.0 0.03045 0.87365 6.6832167413500105
5 0.0 0.0345 0.88075 6.6832167413500105
6 0.0 0.0371 0.88575 6.6832167413500105
7 0.0 0.03985 0.88995 6.6832167413500105
8 0.0 0.0439 0.89385 6.6832167413500105
9 0.0 0.0474 0.89595 6.6832167413500105
10 0.0 0.05085 0.8977 6.6832167413500105
11 0.0 0.05345 0.90115 6.6832167413500105
total_time = 201381.625715971
