|M| = 25
make network |V|=2000 |E|=4000
                flare                          flare.re  
t, Accessible, ave_query, ave_time, TABLE_REQ
00 0.8380000000 5.4160000000 0.1334984074 0.00000000 0.8140000000 5.7420000000 0.1447113273 0.00000000
01 0.8800000000 1.9580000000 0.0206711657 0.00000000 0.8570000000 2.2310000000 0.0266741989 0.00000000
02 0.8810000000 1.7870000000 0.0141088703 0.00000000 0.8640000000 1.9520000000 0.0191489410 0.00000000
03 0.8830000000 1.7570000000 0.0175865564 0.00000000 0.8680000000 1.9520000000 0.0208242538 0.00000000
04 0.8870000000 1.7840000000 0.0190795465 0.00000000 0.8630000000 2.1400000000 0.0252948332 0.00000000
05 0.8920000000 1.8140000000 0.0214058115 0.00000000 0.8670000000 2.1170000000 0.0274108095 0.00000000
06 0.8960000000 1.7100000000 0.0164613631 0.00000000 0.8800000000 1.8110000000 0.0183565350 0.00000000
07 0.8950000000 1.6380000000 0.0143354292 0.00000000 0.8800000000 1.7140000000 0.0161884227 0.00000000
08 0.8970000000 1.6820000000 0.0156620729 0.00000000 0.8910000000 1.9570000000 0.0266562920 0.00000000
09 0.9040000000 1.4670000000 0.0126936529 0.00000000 0.8980000000 1.7680000000 0.0234311254 0.00000000
10 0.9100000000 1.5690000000 0.0151003444 0.00000000 0.8990000000 1.6680000000 0.0185813546 0.00000000
11 0.9130000000 1.7500000000 0.0250946674 0.00000000 0.8870000000 2.1030000000 0.0304794505 0.00000000
12 0.9110000000 1.9780000000 0.0245785265 0.00000000 0.8930000000 2.2810000000 0.0307320373 0.00000000
13 0.9160000000 1.8330000000 0.0254630594 0.00000000 0.9010000000 2.1290000000 0.0315966039 0.00000000
14 0.9150000000 1.7250000000 0.0222203119 0.00000000 0.9000000000 2.0940000000 0.0267396097 0.00000000
15 0.9070000000 1.6580000000 0.0172166395 0.00000000 0.8990000000 1.7870000000 0.0179243217 0.00000000
16 0.9110000000 1.5580000000 0.0159165130 0.00000000 0.9050000000 1.7460000000 0.0171261499 0.00000000
17 0.9120000000 1.8090000000 0.0174437118 0.00000000 0.9130000000 1.9110000000 0.0199189956 0.00000000
18 0.9130000000 1.7310000000 0.0173495562 0.00000000 0.9190000000 1.7810000000 0.0180519700 0.00000000
19 0.9080000000 1.6250000000 0.0133084857 0.00000000 0.9180000000 1.8310000000 0.0192273197 0.00000000
20 0.9100000000 1.6350000000 0.0126209500 0.00000000 0.9250000000 1.6740000000 0.0155911257 0.00000000
21 0.9150000000 1.4940000000 0.0129114778 0.00000000 0.9200000000 1.7100000000 0.0190704453 0.00000000
22 0.9190000000 1.3910000000 0.0106288960 0.00000000 0.9310000000 1.5360000000 0.0158658667 0.00000000
23 0.9260000000 1.3870000000 0.0152499640 0.00000000 0.9320000000 1.4350000000 0.0179048917 0.00000000
24 0.9290000000 1.1540000000 0.0088353012 0.00000000 0.9360000000 1.3280000000 0.0147084517 0.00000000
25 0.9290000000 1.2800000000 0.0134090843 0.00000000 0.9380000000 1.3070000000 0.0150880430 0.00000000
26 0.9280000000 1.1890000000 0.0106077065 0.00000000 0.9430000000 1.2050000000 0.0150557990 0.00000000
27 0.9270000000 1.3110000000 0.0111153207 0.00000000 0.9370000000 1.2490000000 0.0160359254 0.00000000
28 0.9300000000 1.2310000000 0.0096283753 0.00000000 0.9350000000 1.1810000000 0.0119020610 0.00000000
29 0.9290000000 1.6600000000 0.0153091886 0.00000000 0.9380000000 1.7350000000 0.0156595044 0.00000000
30 0.9470000000 1.5010000000 0.0303193467 11.4400000 0.9680000000 1.1330000000 0.0336248860 13.48000000
31 0.9480000000 1.1960000000 0.0154237556 7.88000000 0.9690000000 0.7920000000 0.0170814810 7.60000000
32 0.9480000000 1.2920000000 0.0153060760 10.6000000 0.9670000000 1.0220000000 0.0265599692 9.96000000
33 0.9500000000 1.0950000000 0.0129204459 7.88000000 0.9620000000 0.8610000000 0.0110369072 7.96000000
34 0.9500000000 1.0850000000 0.0136774445 7.96000000 0.9550000000 1.0670000000 0.0217825208 10.32000000
35 0.9550000000 1.0470000000 0.0149766316 8.32000000 0.9600000000 1.1010000000 0.0248236213 11.00000000
36 0.9550000000 1.0610000000 0.0181365488 9.00000000 0.9610000000 0.9890000000 0.0202466793 10.92000000
37 0.9600000000 1.0160000000 0.0126515353 6.96000000 0.9590000000 0.9020000000 0.0116092770 8.72000000
38 0.9610000000 1.0560000000 0.0125250762 7.64000000 0.9600000000 0.9500000000 0.0172878277 9.88000000
39 0.9640000000 0.9970000000 0.0128503242 8.48000000 0.9590000000 0.9570000000 0.0168763442 9.64000000
40 0.9640000000 1.0140000000 0.0117978172 8.04000000 0.9610000000 1.0190000000 0.0207526591 9.00000000
41 0.9630000000 0.9420000000 0.0086506126 6.92000000 0.9630000000 0.8060000000 0.0103950908 7.52000000
42 0.9600000000 1.1040000000 0.0137841549 8.88000000 0.9660000000 0.8340000000 0.0128148274 7.84000000
43 0.9640000000 1.1130000000 0.0194406133 11.8400000 0.9680000000 0.7760000000 0.0176206834 8.08000000
44 0.9710000000 0.8740000000 0.0118216181 8.28000000 0.9670000000 0.9000000000 0.0180718200 9.36000000
45 0.9720000000 0.8770000000 0.0108664601 8.00000000 0.9650000000 0.8740000000 0.0131411107 8.00000000
46 0.9710000000 0.9240000000 0.0123408291 8.84000000 0.9660000000 0.9300000000 0.0165632114 9.36000000
47 0.9740000000 0.9340000000 0.0141163070 9.12000000 0.9690000000 0.9190000000 0.0182455831 9.44000000
48 0.9730000000 1.0210000000 0.0137464244 8.88000000 0.9680000000 1.0550000000 0.0172702718 9.48000000
49 0.9740000000 0.8930000000 0.0128998048 8.32000000 0.9680000000 1.0370000000 0.0184649334 10.08000000
50 0.9740000000 0.8710000000 0.0109150639 8.08000000 0.9670000000 0.9590000000 0.0151609764 9.64000000
51 0.9740000000 0.9610000000 0.0120640173 8.92000000 0.9650000000 0.9730000000 0.0158735883 9.68000000
52 0.9730000000 0.9320000000 0.0137942820 7.88000000 0.9630000000 0.9400000000 0.0150926270 9.56000000
53 0.9740000000 0.8810000000 0.0121527023 7.60000000 0.9620000000 1.0320000000 0.0188203561 10.68000000
54 0.9740000000 0.8730000000 0.0094380927 7.08000000 0.9600000000 0.9720000000 0.0127225304 9.80000000
55 0.9750000000 0.8370000000 0.0098042202 7.24000000 0.9620000000 1.0450000000 0.0164385431 10.80000000
56 0.9730000000 0.8860000000 0.0143612497 7.68000000 0.9640000000 0.9830000000 0.0133374131 9.96000000
57 0.9730000000 1.2280000000 0.0291373131 11.2400000 0.9650000000 1.3080000000 0.0444059834 16.48000000
58 0.9710000000 1.1130000000 0.0225161512 9.48000000 0.9640000000 1.2220000000 0.0418359954 14.84000000
59 0.9720000000 1.0900000000 0.0233658886 9.60000000 0.9600000000 1.2840000000 0.0443049567 15.16000000
group member
362 438 351 435 364 1435 352 943 437 941 445 1462 927 353 355 430 1436 429 354 359 938 361 439 1439 440 

group member
438 934 958 1464 364 1463 462 952 1438 937 943 357 1462 933 444 944 355 928 931 382 930 359 439 1439 381