#グループなし
1 0.9125 0.7206103051525763
2 0.916 0.5404368851092213
3 0.9175 0.3197848924462231
4 0.9185 0.25812906453226614
5 0.9195 0.2198599299649825
6 0.921 0.20574573000786106
7 0.9245 0.16833416708354176
8 0.9255 0.16730587515980214
9 0.93 0.1439719859929965
10 0.9325 0.16112601755423167
11 0.935 0.11830915457728865
12 0.9375 0.10878516181167507
13 0.9355 0.10551704423640391
14 0.9375 0.0848424212106053
15 0.9345 0.09360930465232617
16 0.9375 0.0830415207603802
17 0.9355 0.07803901950975488
18 0.938 0.07114083357468208
19 0.9365 0.06770885442721361
20 0.9415 0.06369851592462898
21 0.9485 0.053094729182773207
22 0.952 0.054179263544815885
23 0.953 0.045918792729698184
24 0.9535 0.04688344172086043
25 0.953 0.0392696348174087
26 0.9525 0.038111648416800994
27 0.953 0.03817980418780819
28 0.9565 0.0352245088061272
29 0.962 0.03138235784558946
30 0.963 0.03971340508964159  
31 0.965 0.036096173086543275 
32 0.9665 0.02639198387072324 
33 0.9625 0.039004796515905014
34 0.9645 0.027842492674908882
35 0.964 0.029612028236340394 
36 0.9665 0.027148709489880074
37 0.9675 0.027948184618625103
38 0.9675 0.026923718269391106
39 0.9625 0.02880190095047524 
40 0.965 0.024670872021376543 
41 0.9625 0.02509588127397032 
42 0.9655 0.021312982072431565
43 0.9665 0.021647187229978625
44 0.966 0.021243955310988827 
45 0.9675 0.01970550492637623 
46 0.9695 0.018413462050174023
47 0.971 0.019947473736868435 
48 0.9695 0.016426580637257403
49 0.9695 0.01616808404202101 
50 0.9685 0.01731257785755623 
51 0.9715 0.015834840497171664
52 0.972 0.016206216315705024 
53 0.969 0.01496118429585163 
54 0.969 0.01405248078584747 
55 0.9695 0.014793110841134853
56 0.9705 0.013752490280227833
57 0.9665 0.015550878887719721
58 0.971 0.012540168389279386 
59 0.972 0.011880940470235118 