00 0.8719359680 5.1920960480 0.1303563024 0.00000000 0.8719359680 5.1920960480 0.1302987043 0.00000000
01 0.9109554777 1.6098049025 0.0221676667 0.00000000 0.9109554777 1.6098049025 0.0222303867 0.00000000
02 0.9129564782 1.2481240620 0.0111850878 0.00000000 0.9129564782 1.2481240620 0.0112262762 0.00000000
03 0.9169584792 1.4622311156 0.0213723545 0.00000000 0.9169584792 1.4622311156 0.0214637051 0.00000000
04 0.9219609805 1.2061030515 0.0120998337 0.00000000 0.9219609805 1.2061030515 0.0121720707 0.00000000
05 0.9244622311 1.4382191096 0.0181373833 0.00000000 0.9244622311 1.4382191096 0.0181841924 0.00000000
06 0.9304652326 1.2646323162 0.0142115528 0.00000000 0.9304652326 1.2646323162 0.0142691329 0.00000000
07 0.9314657329 1.3036518259 0.0177147261 0.00000000 0.9314657329 1.3036518259 0.0177054950 0.00000000
08 0.9349674837 1.2191095548 0.0136995463 0.00000000 0.9349674837 1.2191095548 0.0137352656 0.00000000
09 0.9339669835 1.3641820910 0.0209436251 0.00000000 0.9339669835 1.3641820910 0.0209697669 0.00000000
10 0.9379689845 1.2346173087 0.0145007920 0.00000000 0.9379689845 1.2346173087 0.0145314412 0.00000000
11 0.9389694847 1.1380690345 0.0119136552 0.00000000 0.9389694847 1.1380690345 0.0119373939 0.00000000
12 0.9424712356 1.1200600300 0.0126942557 0.00000000 0.9424712356 1.1200600300 0.0127348676 0.00000000
13 0.9484742371 1.2386193097 0.0212883840 0.00000000 0.9484742371 1.2386193097 0.0212784731 0.00000000
14 0.9454727364 1.4047023512 0.0191675956 0.00000000 0.9454727364 1.4047023512 0.0191893869 0.00000000
15 0.9484742371 1.1370685343 0.0128664089 0.00000000 0.9484742371 1.1370685343 0.0128586649 0.00000000
16 0.9514757379 1.1520760380 0.0147018670 0.00000000 0.9514757379 1.1520760380 0.0147714180 0.00000000
17 0.9554777389 1.1305652826 0.0139644613 0.00000000 0.9554777389 1.1305652826 0.0140177623 0.00000000
18 0.9554777389 1.2981490745 0.0207384304 0.00000000 0.9554777389 1.2981490745 0.0207333756 0.00000000
19 0.9514757379 1.2386193097 0.0180918430 0.00000000 0.9514757379 1.2386193097 0.0181433485 0.00000000
20 0.9514757379 1.1825912956 0.0147858773 0.00000000 0.9514757379 1.1825912956 0.0148231513 0.00000000
21 0.9524762381 1.4862431216 0.0226648442 0.00000000 0.9524762381 1.4862431216 0.0227072879 0.00000000
22 0.9574787394 1.1000500250 0.0116726860 0.00000000 0.9574787394 1.1000500250 0.0116775823 0.00000000
23 0.9624812406 1.0135067534 0.0149344663 0.00000000 0.9624812406 1.0135067534 0.0149942632 0.00000000
24 0.9624812406 0.9369684842 0.0108462574 0.00000000 0.9624812406 0.9369684842 0.0108532573 0.00000000
25 0.9619809905 0.8999499750 0.0113526352 0.00000000 0.9619809905 0.8999499750 0.0113868351 0.00000000
26 0.9634817409 0.8689344672 0.0090556275 0.00000000 0.9634817409 0.8689344672 0.0091056665 0.00000000
27 0.9634817409 1.0080040020 0.0138264408 0.00000000 0.9634817409 1.0080040020 0.0138702990 0.00000000
28 0.9564782391 1.1710855428 0.0166461814 0.00000000 0.9564782391 1.1710855428 0.0167521612 0.00000000
29 0.9604802401 1.1055527764 0.0166998426 0.00000000 0.9604802401 1.1055527764 0.0167187756 0.00000000
30 0.9669834917 0.9724862431 0.0226016617 1.60000000 0.9734867434 0.8639319660 0.0347859250 7.45000000
31 0.9659829915 0.9084542271 0.0175872926 1.00000000 0.9744872436 0.8004002001 0.0298441773 6.10000000
32 0.9644822411 0.8959479740 0.0147373272 0.85000000 0.9729864932 0.8064032016 0.0233985709 5.60000000
33 0.9649824912 0.8689344672 0.0138341883 0.75000000 0.9729864932 0.7853926963 0.0275002696 6.75000000
34 0.9674837419 0.8519259630 0.0146885109 0.80000000 0.9759879940 0.7448724362 0.0390134718 10.75000000
35 0.9684842421 0.7548774387 0.0117819322 0.90000000 0.9789894947 0.6368184092 0.0295690450 8.15000000
36 0.9699849925 1.0350175088 0.0208880942 1.50000000 0.9794897449 0.9279639820 0.0421684552 12.65000000
37 0.9714857429 0.8514257129 0.0164935046 1.40000000 0.9809904952 0.7383691846 0.0331242517 9.15000000
38 0.9724862431 1.0275137569 0.0215101021 1.40000000 0.9794897449 0.9244622311 0.0349116090 8.20000000
39 0.9714857429 0.9404702351 0.0182315288 1.10000000 0.9789894947 0.8314157079 0.0308205435 6.60000000
40 0.9724862431 0.9594797399 0.0233284319 0.90000000 0.9804902451 0.8354177089 0.0427583492 7.25000000
41 0.9739869935 0.8869434717 0.0208063666 1.30000000 0.9789894947 0.7948974487 0.0360082988 8.85000000
42 0.9744872436 0.7138569285 0.0165076646 0.75000000 0.9799899950 0.6073036518 0.0349356345 9.05000000
43 0.9729864932 0.7973986993 0.0226777503 1.05000000 0.9809904952 0.6833416708 0.0362107388 6.15000000
44 0.9749874937 0.9699849925 0.0301210033 1.05000000 0.9859929965 0.8209104552 0.0551464688 9.05000000
45 0.9684842421 0.9054527264 0.0210400335 1.10000000 0.9799899950 0.7798899450 0.0389477165 6.85000000
46 0.9684842421 0.9089544772 0.0220013258 1.00000000 0.9794897449 0.7748874437 0.0406746058 7.30000000
47 0.9719859930 0.8189094547 0.0209288781 1.20000000 0.9824912456 0.6698349175 0.0412139609 7.85000000
48 0.9704852426 0.7163581791 0.0142156443 0.70000000 0.9809904952 0.5887943972 0.0301624192 5.75000000
49 0.9694847424 0.8074037019 0.0152733939 0.65000000 0.9804902451 0.6688344172 0.0375370540 7.55000000
50 0.9709854927 0.8159079540 0.0207441851 1.00000000 0.9799899950 0.6833416708 0.0338762069 6.40000000
51 0.9704852426 0.7363681841 0.0149788477 0.55000000 0.9784892446 0.6083041521 0.0284823199 5.45000000
52 0.9724862431 0.7523761881 0.0171127303 0.65000000 0.9814907454 0.5972986493 0.0353184245 7.85000000
53 0.9719859930 0.7318659330 0.0175775851 0.70000000 0.9804902451 0.5907953977 0.0345763096 6.80000000
54 0.9644822411 0.8389194597 0.0172539558 0.75000000 0.9739869935 0.6898449225 0.0391278377 7.45000000
55 0.9664832416 0.7488744372 0.0159857010 1.10000000 0.9759879940 0.6143071536 0.0352345695 7.10000000
56 0.9639819910 0.8054027014 0.0179830065 0.85000000 0.9744872436 0.6433216608 0.0388333415 7.65000000
57 0.9664832416 0.7533766883 0.0153425489 0.95000000 0.9764882441 0.6113056528 0.0338874935 6.80000000
58 0.9634817409 0.9049524762 0.0207065483 1.20000000 0.9764882441 0.6738369185 0.0578328986 12.10000000
59 0.9684842421 0.8149074537 0.0186294686 1.05000000 0.9784892446 0.6273136568 0.0467156279 9.20000000