00 0.8719359680 5.1920960480 0.1306402402 0.00000000 0.8719359680 5.1920960480 0.1307038088 0.00000000
01 0.9109554777 1.6098049025 0.0223215168 0.00000000 0.9109554777 1.6098049025 0.0223365861 0.00000000
02 0.9129564782 1.2481240620 0.0112268103 0.00000000 0.9129564782 1.2481240620 0.0112587472 0.00000000
03 0.9169584792 1.4622311156 0.0214209194 0.00000000 0.9169584792 1.4622311156 0.0214354382 0.00000000
04 0.9219609805 1.2061030515 0.0121647609 0.00000000 0.9219609805 1.2061030515 0.0121302583 0.00000000
05 0.9244622311 1.4382191096 0.0181815828 0.00000000 0.9244622311 1.4382191096 0.0181925793 0.00000000
06 0.9304652326 1.2646323162 0.0142050695 0.00000000 0.9304652326 1.2646323162 0.0142520903 0.00000000
07 0.9314657329 1.3036518259 0.0176430928 0.00000000 0.9314657329 1.3036518259 0.0176855341 0.00000000
08 0.9349674837 1.2191095548 0.0137025376 0.00000000 0.9349674837 1.2191095548 0.0137434391 0.00000000
09 0.9339669835 1.3641820910 0.0208272649 0.00000000 0.9339669835 1.3641820910 0.0208207899 0.00000000
10 0.9379689845 1.2346173087 0.0144772570 0.00000000 0.9379689845 1.2346173087 0.0144904256 0.00000000
11 0.9389694847 1.1380690345 0.0118179363 0.00000000 0.9389694847 1.1380690345 0.0118176553 0.00000000
12 0.9424712356 1.1200600300 0.0126050622 0.00000000 0.9424712356 1.1200600300 0.0126340338 0.00000000
13 0.9484742371 1.2386193097 0.0211370183 0.00000000 0.9484742371 1.2386193097 0.0211622793 0.00000000
14 0.9454727364 1.4047023512 0.0190469330 0.00000000 0.9454727364 1.4047023512 0.0190847639 0.00000000
15 0.9484742371 1.1370685343 0.0127683323 0.00000000 0.9484742371 1.1370685343 0.0127722853 0.00000000
16 0.9514757379 1.1520760380 0.0145603830 0.00000000 0.9514757379 1.1520760380 0.0146121652 0.00000000
17 0.9554777389 1.1305652826 0.0139016011 0.00000000 0.9554777389 1.1305652826 0.0139173387 0.00000000
18 0.9554777389 1.2981490745 0.0205246096 0.00000000 0.9554777389 1.2981490745 0.0205860243 0.00000000
19 0.9514757379 1.2386193097 0.0179360881 0.00000000 0.9514757379 1.2386193097 0.0179565362 0.00000000
20 0.9514757379 1.1825912956 0.0146235134 0.00000000 0.9514757379 1.1825912956 0.0146736657 0.00000000
21 0.9524762381 1.4862431216 0.0224546993 0.00000000 0.9524762381 1.4862431216 0.0225204489 0.00000000
22 0.9574787394 1.1000500250 0.0115818494 0.00000000 0.9574787394 1.1000500250 0.0116272592 0.00000000
23 0.9624812406 1.0135067534 0.0148092923 0.00000000 0.9624812406 1.0135067534 0.0148297351 0.00000000
24 0.9624812406 0.9369684842 0.0107057501 0.00000000 0.9624812406 0.9369684842 0.0107516517 0.00000000
25 0.9619809905 0.8999499750 0.0112454555 0.00000000 0.9619809905 0.8999499750 0.0112791584 0.00000000
26 0.9634817409 0.8689344672 0.0090028939 0.00000000 0.9634817409 0.8689344672 0.0090372695 0.00000000
27 0.9634817409 1.0080040020 0.0137327050 0.00000000 0.9634817409 1.0080040020 0.0137437640 0.00000000
28 0.9564782391 1.1710855428 0.0165236025 0.00000000 0.9564782391 1.1710855428 0.0165420305 0.00000000
29 0.9604802401 1.1055527764 0.0165114527 0.00000000 0.9604802401 1.1055527764 0.0165795802 0.00000000
30 0.9639819910 1.0090045023 0.0164817262 2.00000000 0.9639819910 0.9984992496 0.0171118176 12.00000000
31 0.9629814907 0.9874937469 0.0150170364 1.20000000 0.9639819910 0.9694847424 0.0152154897 12.00000000
32 0.9619809905 0.9694847424 0.0130805979 1.00000000 0.9639819910 0.9429714857 0.0142001094 13.00000000
33 0.9624812406 0.9359679840 0.0130283376 1.00000000 0.9644822411 0.9134567284 0.0146209624 13.40000000
34 0.9654827414 0.9304652326 0.0136729369 0.60000000 0.9674837419 0.8979489745 0.0149119661 11.80000000
35 0.9659829915 0.8624312156 0.0110369490 0.80000000 0.9679839920 0.8294147074 0.0119187657 11.00000000
36 0.9664832416 1.0785392696 0.0160912625 1.80000000 0.9684842421 1.0450225113 0.0168564421 23.00000000
37 0.9684842421 0.9014507254 0.0128416522 1.80000000 0.9714857429 0.8594297149 0.0142176482 15.00000000
38 0.9679839920 1.1040520260 0.0188260764 1.80000000 0.9704852426 1.0600300150 0.0209794920 20.20000000
39 0.9684842421 1.0300150075 0.0158343966 2.00000000 0.9704852426 0.9909954977 0.0178034914 14.60000000
40 0.9709854927 1.0535267634 0.0193413870 2.00000000 0.9724862431 1.0155077539 0.0212964859 14.00000000
41 0.9684842421 0.8389194597 0.0107449991 0.80000000 0.9699849925 0.8064032016 0.0120922480 11.80000000
42 0.9664832416 0.8594297149 0.0124468683 1.00000000 0.9684842421 0.8174087044 0.0144940953 13.00000000
43 0.9629814907 0.9424712356 0.0132139613 1.20000000 0.9674837419 0.9074537269 0.0184999683 25.80000000
44 0.9659829915 1.1720860430 0.0231456751 1.80000000 0.9709854927 1.1330665333 0.0270886563 27.80000000
45 0.9609804902 1.0955477739 0.0167336873 1.40000000 0.9669834917 1.0535267634 0.0219010594 28.00000000
46 0.9609804902 1.1090545273 0.0185449678 1.80000000 0.9664832416 1.0775387694 0.0228117317 35.40000000
47 0.9639819910 1.0160080040 0.0165108977 2.20000000 0.9709854927 0.9684842421 0.0201205820 31.60000000
48 0.9619809905 0.9084542271 0.0120392169 2.00000000 0.9659829915 0.8859429715 0.0148226165 18.20000000
49 0.9624812406 0.9784892446 0.0128455540 1.60000000 0.9654827414 0.9434717359 0.0149131599 20.20000000
50 0.9639819910 0.9814907454 0.0155377206 1.60000000 0.9669834917 0.9629814907 0.0170023786 18.60000000
51 0.9634817409 0.8699349675 0.0113695523 1.40000000 0.9679839920 0.8454227114 0.0131405021 14.40000000
52 0.9659829915 0.9069534767 0.0136320027 2.00000000 0.9709854927 0.8419209605 0.0161415251 25.40000000
53 0.9659829915 0.8554277139 0.0125069155 1.40000000 0.9689844922 0.8394197099 0.0141196726 15.60000000
54 0.9589794897 0.9589794897 0.0131448483 2.00000000 0.9614807404 0.9234617309 0.0146492238 16.20000000
55 0.9594797399 0.8579289645 0.0107952239 2.20000000 0.9634817409 0.8124062031 0.0118390821 17.80000000
56 0.9609804902 0.9104552276 0.0142169027 2.00000000 0.9644822411 0.8824412206 0.0151572776 17.20000000
57 0.9629814907 0.8374187094 0.0113142974 1.60000000 0.9664832416 0.7933966983 0.0115635562 11.80000000
58 0.9609804902 0.9134567284 0.0129065134 1.80000000 0.9649824912 0.8699349675 0.0142443442 12.80000000
59 0.9649824912 0.9124562281 0.0145921064 1.40000000 0.9689844922 0.8559279640 0.0155251962 14.80000000