00 0.8719359680 5.1920960480 0.1301606570 0.00000000 0.8719359680 5.1920960480 0.1302126218 0.00000000
01 0.9109554777 1.6098049025 0.0221026230 0.00000000 0.9109554777 1.6098049025 0.0221489065 0.00000000
02 0.9129564782 1.2481240620 0.0111363076 0.00000000 0.9129564782 1.2481240620 0.0111525910 0.00000000
03 0.9169584792 1.4622311156 0.0212838895 0.00000000 0.9169584792 1.4622311156 0.0213404086 0.00000000
04 0.9219609805 1.2061030515 0.0121011148 0.00000000 0.9219609805 1.2061030515 0.0121023893 0.00000000
05 0.9244622311 1.4382191096 0.0181157484 0.00000000 0.9244622311 1.4382191096 0.0181691814 0.00000000
06 0.9304652326 1.2646323162 0.0141250935 0.00000000 0.9304652326 1.2646323162 0.0142043378 0.00000000
07 0.9314657329 1.3036518259 0.0175415334 0.00000000 0.9314657329 1.3036518259 0.0175934715 0.00000000
08 0.9349674837 1.2191095548 0.0144276203 0.00000000 0.9349674837 1.2191095548 0.0141344867 0.00000000
09 0.9339669835 1.3641820910 0.0229580243 0.00000000 0.9339669835 1.3641820910 0.0233478917 0.00000000
10 0.9379689845 1.2346173087 0.0155477841 0.00000000 0.9379689845 1.2346173087 0.0157392751 0.00000000
11 0.9389694847 1.1380690345 0.0133646889 0.00000000 0.9389694847 1.1380690345 0.0133421159 0.00000000
12 0.9424712356 1.1200600300 0.0142351675 0.00000000 0.9424712356 1.1200600300 0.0142138416 0.00000000
13 0.9484742371 1.2386193097 0.0254897468 0.00000000 0.9484742371 1.2386193097 0.0253008095 0.00000000
14 0.9454727364 1.4047023512 0.0219398668 0.00000000 0.9454727364 1.4047023512 0.0219690803 0.00000000
15 0.9484742371 1.1370685343 0.0154451095 0.00000000 0.9484742371 1.1370685343 0.0154768020 0.00000000
16 0.9514757379 1.1520760380 0.0178558791 0.00000000 0.9514757379 1.1520760380 0.0178317915 0.00000000
17 0.9554777389 1.1305652826 0.0167106131 0.00000000 0.9554777389 1.1305652826 0.0168175534 0.00000000
18 0.9554777389 1.2981490745 0.0254955137 0.00000000 0.9554777389 1.2981490745 0.0252511710 0.00000000
19 0.9514757379 1.2386193097 0.0214032228 0.00000000 0.9514757379 1.2386193097 0.0216597782 0.00000000
20 0.9514757379 1.1825912956 0.0172645973 0.00000000 0.9514757379 1.1825912956 0.0174056097 0.00000000
21 0.9524762381 1.4862431216 0.0246918025 0.00000000 0.9524762381 1.4862431216 0.0246234108 0.00000000
22 0.9574787394 1.1000500250 0.0123788472 0.00000000 0.9574787394 1.1000500250 0.0124056255 0.00000000
23 0.9624812406 1.0135067534 0.0157662150 0.00000000 0.9624812406 1.0135067534 0.0158504000 0.00000000
24 0.9624812406 0.9369684842 0.0125809552 0.00000000 0.9624812406 0.9369684842 0.0126361393 0.00000000
25 0.9619809905 0.8999499750 0.0121081692 0.00000000 0.9619809905 0.8999499750 0.0121454444 0.00000000
26 0.9634817409 0.8689344672 0.0103000991 0.00000000 0.9634817409 0.8689344672 0.0103498697 0.00000000
27 0.9634817409 1.0080040020 0.0144019994 0.00000000 0.9634817409 1.0080040020 0.0144185514 0.00000000
28 0.9564782391 1.1710855428 0.0175057518 0.00000000 0.9564782391 1.1710855428 0.0174837114 0.00000000
29 0.9604802401 1.1055527764 0.0190956755 0.00000000 0.9604802401 1.1055527764 0.0192209092 0.00000000
30 0.9644822411 1.0070035018 0.0181723510 1.80000000 0.9659829915 0.9774887444 0.0207065321 9.80000000
31 0.9634817409 0.9769884942 0.0187660255 1.60000000 0.9654827414 0.9409704852 0.0216044788 8.60000000
32 0.9624812406 0.9604802401 0.0150815167 1.40000000 0.9659829915 0.9194597299 0.0181997638 9.20000000
33 0.9629814907 0.9264632316 0.0132556086 1.10000000 0.9654827414 0.8979489745 0.0170683955 9.70000000
34 0.9654827414 0.9224612306 0.0137233386 0.70000000 0.9689844922 0.8794397199 0.0177693912 8.60000000
35 0.9664832416 0.8499249625 0.0111347327 0.80000000 0.9704852426 0.8119059530 0.0144103372 8.70000000
36 0.9679839920 1.0590295148 0.0163234069 1.50000000 0.9719859930 1.0220110055 0.0199748733 15.10000000
37 0.9694847424 0.8829414707 0.0140274407 1.60000000 0.9744872436 0.8264132066 0.0163987960 10.50000000
38 0.9689844922 1.0735367684 0.0185876706 1.50000000 0.9724862431 1.0060030015 0.0212437106 13.70000000
39 0.9694847424 1.0145072536 0.0163700452 1.80000000 0.9729864932 0.9619809905 0.0195057241 11.70000000
40 0.9684842421 1.0890445223 0.0196954426 1.90000000 0.9729864932 1.0415207604 0.0252452718 11.80000000
41 0.9679839920 0.8969484742 0.0137959363 1.70000000 0.9714857429 0.8554277139 0.0164600485 10.70000000
42 0.9664832416 0.8699349675 0.0133176063 1.80000000 0.9704852426 0.8099049525 0.0163783860 9.80000000
43 0.9659829915 0.9274637319 0.0153034806 1.90000000 0.9699849925 0.8769384692 0.0194095102 11.40000000
44 0.9689844922 1.1815907954 0.0264921540 2.20000000 0.9724862431 1.1220610305 0.0315880945 16.20000000
45 0.9644822411 1.0940470235 0.0210852910 2.30000000 0.9684842421 1.0315157579 0.0242988148 13.20000000
46 0.9624812406 1.0890445223 0.0195592483 2.20000000 0.9659829915 1.0535267634 0.0245869845 16.30000000
47 0.9649824912 0.9739869935 0.0172289083 2.90000000 0.9689844922 0.9309654827 0.0205710875 13.40000000
48 0.9624812406 0.8604302151 0.0120435174 2.00000000 0.9659829915 0.8254127064 0.0155597622 10.90000000
49 0.9624812406 0.9564782391 0.0133520674 1.60000000 0.9659829915 0.9094547274 0.0167081053 11.30000000
50 0.9644822411 0.9519759880 0.0163967823 1.50000000 0.9669834917 0.9199599800 0.0194265563 10.80000000
51 0.9639819910 0.8399199600 0.0122969889 1.40000000 0.9669834917 0.7998999500 0.0139705395 8.40000000
52 0.9664832416 0.8619309655 0.0137623190 1.50000000 0.9694847424 0.8074037019 0.0168814875 13.70000000
53 0.9664832416 0.8419209605 0.0142093473 1.50000000 0.9689844922 0.8024012006 0.0165638652 10.90000000
54 0.9589794897 0.9554777389 0.0148325733 1.80000000 0.9629814907 0.8679339670 0.0192879676 16.60000000
55 0.9604802401 0.8324162081 0.0115027403 1.70000000 0.9639819910 0.7838919460 0.0145446735 10.40000000
56 0.9599799900 0.8874437219 0.0142470552 1.50000000 0.9629814907 0.8389194597 0.0162194958 10.50000000
57 0.9624812406 0.8449224612 0.0124138916 1.90000000 0.9654827414 0.7958979490 0.0137697439 8.90000000
58 0.9594797399 0.9414707354 0.0144805788 1.50000000 0.9644822411 0.8819409705 0.0177599508 9.20000000
59 0.9639819910 0.9504752376 0.0168826277 2.50000000 0.9689844922 0.8729364682 0.0191491647 11.30000000