00 0.8719359680 5.1920960480 0.1384473718 0.00000000 0.8719359680 5.1920960480 0.1385066370 0.00000000
01 0.9109554777 1.6098049025 0.0234662514 0.00000000 0.9109554777 1.6098049025 0.0235149419 0.00000000
02 0.9129564782 1.2481240620 0.0118238276 0.00000000 0.9129564782 1.2481240620 0.0118409952 0.00000000
03 0.9169584792 1.4622311156 0.0226239404 0.00000000 0.9169584792 1.4622311156 0.0226501743 0.00000000
04 0.9219609805 1.2061030515 0.0128375436 0.00000000 0.9219609805 1.2061030515 0.0128771309 0.00000000
05 0.9244622311 1.4382191096 0.0192673910 0.00000000 0.9244622311 1.4382191096 0.0193209030 0.00000000
06 0.9304652326 1.2646323162 0.0150432662 0.00000000 0.9304652326 1.2646323162 0.0150991007 0.00000000
07 0.9314657329 1.3036518259 0.0186887457 0.00000000 0.9314657329 1.3036518259 0.0187026145 0.00000000
08 0.9349674837 1.2191095548 0.0145001253 0.00000000 0.9349674837 1.2191095548 0.0145672028 0.00000000
09 0.9339669835 1.3641820910 0.0220538705 0.00000000 0.9339669835 1.3641820910 0.0221102398 0.00000000
10 0.9379689845 1.2346173087 0.0152725959 0.00000000 0.9379689845 1.2346173087 0.0152841728 0.00000000
11 0.9389694847 1.1380690345 0.0125222062 0.00000000 0.9389694847 1.1380690345 0.0125764624 0.00000000
12 0.9424712356 1.1200600300 0.0133490905 0.00000000 0.9424712356 1.1200600300 0.0133769135 0.00000000
13 0.9484742371 1.2386193097 0.0223937838 0.00000000 0.9484742371 1.2386193097 0.0224529362 0.00000000
14 0.9454727364 1.4047023512 0.0201907163 0.00000000 0.9454727364 1.4047023512 0.0202169829 0.00000000
15 0.9484742371 1.1370685343 0.0135078118 0.00000000 0.9484742371 1.1370685343 0.0135404571 0.00000000
16 0.9514757379 1.1520760380 0.0154877317 0.00000000 0.9514757379 1.1520760380 0.0155214491 0.00000000
17 0.9554777389 1.1305652826 0.0146638948 0.00000000 0.9554777389 1.1305652826 0.0147129738 0.00000000
18 0.9554777389 1.2981490745 0.0217422543 0.00000000 0.9554777389 1.2981490745 0.0217533518 0.00000000
19 0.9514757379 1.2386193097 0.0189558910 0.00000000 0.9514757379 1.2386193097 0.0190446538 0.00000000
20 0.9514757379 1.1825912956 0.0155494913 0.00000000 0.9514757379 1.1825912956 0.0155662528 0.00000000
21 0.9524762381 1.4862431216 0.0238445901 0.00000000 0.9524762381 1.4862431216 0.0238763618 0.00000000
22 0.9574787394 1.1000500250 0.0122134140 0.00000000 0.9574787394 1.1000500250 0.0122595931 0.00000000
23 0.9624812406 1.0135067534 0.0155957822 0.00000000 0.9624812406 1.0135067534 0.0156765106 0.00000000
24 0.9624812406 0.9369684842 0.0113326181 0.00000000 0.9624812406 0.9369684842 0.0113641266 0.00000000
25 0.9619809905 0.8999499750 0.0118753354 0.00000000 0.9619809905 0.8999499750 0.0119180391 0.00000000
26 0.9634817409 0.8689344672 0.0094937968 0.00000000 0.9634817409 0.8689344672 0.0094985905 0.00000000
27 0.9634817409 1.0080040020 0.0145181385 0.00000000 0.9634817409 1.0080040020 0.0145432538 0.00000000
28 0.9564782391 1.1710855428 0.0174799198 0.00000000 0.9564782391 1.1710855428 0.0174755517 0.00000000
29 0.9604802401 1.1055527764 0.0175317276 0.00000000 0.9604802401 1.1055527764 0.0175371330 0.00000000
30 0.9759879940 0.8534267134 0.0744541114 1.45000000 0.9859929965 0.6033016508 0.1723634499 5.57500000
31 0.9764882441 0.6123061531 0.0351795684 0.75000000 0.9849924962 0.4592296148 0.0832264125 3.07500000
32 0.9754877439 0.6363181591 0.0287933635 0.75000000 0.9849924962 0.4807403702 0.0823746566 2.92500000
33 0.9744872436 0.6243121561 0.0322618965 0.87500000 0.9844922461 0.4702351176 0.0846474362 3.17500000
34 0.9769884942 0.6778389195 0.0444963335 0.85000000 0.9839919960 0.5162581291 0.1359822866 4.85000000
35 0.9774887444 0.5502751376 0.0242315380 0.65000000 0.9874937469 0.4122061031 0.0677671425 2.57500000
36 0.9809904952 0.7753876938 0.0494273611 1.07500000 0.9894947474 0.5642821411 0.1528655366 5.75000000
37 0.9809904952 0.5692846423 0.0265877549 0.65000000 0.9894947474 0.4297148574 0.0846704097 3.22500000
38 0.9789894947 0.7423711856 0.0330928710 0.62500000 0.9889944972 0.5222611306 0.1546036144 5.47500000
39 0.9804902451 0.7528764382 0.0465378158 0.92500000 0.9889944972 0.5357678839 0.1337435720 5.70000000
40 0.9714857429 0.9119559780 0.0446010800 1.20000000 0.9794897449 0.7078539270 0.1477299664 6.52500000
41 0.9804902451 0.7028514257 0.0373240770 0.82500000 0.9899949975 0.4737368684 0.1286018814 4.50000000
42 0.9809904952 0.6593296648 0.0455173640 0.80000000 0.9884942471 0.4427213607 0.1318295961 4.90000000
43 0.9784892446 0.7308654327 0.0685383045 0.77500000 0.9884942471 0.4757378689 0.1560584834 4.25000000
44 0.9784892446 0.8434217109 0.0566371243 0.85000000 0.9879939970 0.6128064032 0.1787125110 5.72500000
45 0.9744872436 0.7553776888 0.0403882804 0.62500000 0.9869934967 0.5252626313 0.1349447007 4.45000000
46 0.9734867434 0.7578789395 0.0356705753 0.60000000 0.9884942471 0.4707353677 0.1811851938 6.25000000
47 0.9764882441 0.7103551776 0.0416373568 0.77500000 0.9889944972 0.4882441221 0.1350637088 5.25000000
48 0.9734867434 0.6168084042 0.0178057453 0.47500000 0.9864932466 0.4287143572 0.0860448777 3.62500000
49 0.9729864932 0.7578789395 0.0269648907 0.60000000 0.9869934967 0.4962481241 0.1462203350 5.30000000
50 0.9734867434 0.7008504252 0.0284064926 0.55000000 0.9864932466 0.5027513757 0.1015834632 4.12500000
51 0.9749874937 0.6203101551 0.0263747018 0.50000000 0.9864932466 0.4277138569 0.0894463962 3.32500000
52 0.9754877439 0.6498249125 0.0265460023 0.47500000 0.9869934967 0.4072036018 0.1119676784 4.62500000
53 0.9769884942 0.5717858929 0.0275236308 0.47500000 0.9879939970 0.3766883442 0.1031646359 3.62500000
54 0.9714857429 0.7133566783 0.0423223584 0.82500000 0.9819909955 0.5122561281 0.1327450336 4.85000000
55 0.9729864932 0.6333166583 0.0287898454 0.65000000 0.9829914957 0.4322161081 0.1136152581 4.35000000
56 0.9719859930 0.6203101551 0.0270356568 0.62500000 0.9824912456 0.4127063532 0.1062220625 4.10000000
57 0.9724862431 0.6203101551 0.0243937486 0.65000000 0.9824912456 0.4212106053 0.0993278104 3.92500000
58 0.9709854927 0.6678339170 0.0327714601 0.72500000 0.9809904952 0.4547273637 0.1235697085 4.20000000
59 0.9739869935 0.6313156578 0.0311197604 0.70000000 0.9839919960 0.4167083542 0.1116353014 4.05000000