01 0.9109554777 1.6098049025 0.0262701368 0.00000000 0.9109554777 1.6098049025 0.0263718087 0.00000000
02 0.9129564782 1.2481240620 0.0129915957 0.00000000 0.9129564782 1.2481240620 0.0130402227 0.00000000
03 0.9169584792 1.4622311156 0.0248588157 0.00000000 0.9169584792 1.4622311156 0.0248620477 0.00000000
04 0.9219609805 1.2061030515 0.0141033971 0.00000000 0.9219609805 1.2061030515 0.0141662249 0.00000000
05 0.9244622311 1.4382191096 0.0211061101 0.00000000 0.9244622311 1.4382191096 0.0211132595 0.00000000
06 0.9304652326 1.2646323162 0.0169015393 0.00000000 0.9304652326 1.2646323162 0.0169520819 0.00000000
07 0.9314657329 1.3036518259 0.0207287371 0.00000000 0.9314657329 1.3036518259 0.0209043923 0.00000000
08 0.9349674837 1.2191095548 0.0155211741 0.00000000 0.9349674837 1.2191095548 0.0155800837 0.00000000
09 0.9339669835 1.3641820910 0.0253527030 0.00000000 0.9339669835 1.3641820910 0.0254708287 0.00000000
10 0.9379689845 1.2346173087 0.0174395445 0.00000000 0.9379689845 1.2346173087 0.0173541971 0.00000000
11 0.9389694847 1.1380690345 0.0134065220 0.00000000 0.9389694847 1.1380690345 0.0134413121 0.00000000
12 0.9424712356 1.1200600300 0.0138866113 0.00000000 0.9424712356 1.1200600300 0.0139202554 0.00000000
13 0.9484742371 1.2386193097 0.0215994856 0.00000000 0.9484742371 1.2386193097 0.0216265817 0.00000000
14 0.9454727364 1.4047023512 0.0192684625 0.00000000 0.9454727364 1.4047023512 0.0193275721 0.00000000
15 0.9484742371 1.1370685343 0.0127991721 0.00000000 0.9484742371 1.1370685343 0.0128244899 0.00000000
16 0.9514757379 1.1520760380 0.0146144906 0.00000000 0.9514757379 1.1520760380 0.0146328402 0.00000000
17 0.9554777389 1.1305652826 0.0140405273 0.00000000 0.9554777389 1.1305652826 0.0140572144 0.00000000
18 0.9554777389 1.2981490745 0.0206071975 0.00000000 0.9554777389 1.2981490745 0.0207248394 0.00000000
19 0.9514757379 1.2386193097 0.0180605171 0.00000000 0.9514757379 1.2386193097 0.0181354572 0.00000000
20 0.9514757379 1.1825912956 0.0148018641 0.00000000 0.9514757379 1.1825912956 0.0148166881 0.00000000
21 0.9524762381 1.4862431216 0.0227562663 0.00000000 0.9524762381 1.4862431216 0.0228202033 0.00000000
22 0.9574787394 1.1000500250 0.0116538972 0.00000000 0.9574787394 1.1000500250 0.0116610132 0.00000000
23 0.9624812406 1.0135067534 0.0149951879 0.00000000 0.9624812406 1.0135067534 0.0149797874 0.00000000
24 0.9624812406 0.9369684842 0.0108383260 0.00000000 0.9624812406 0.9369684842 0.0108832954 0.00000000
25 0.9619809905 0.8999499750 0.0114024970 0.00000000 0.9619809905 0.8999499750 0.0114226959 0.00000000
26 0.9634817409 0.8689344672 0.0090483766 0.00000000 0.9634817409 0.8689344672 0.0090735869 0.00000000
27 0.9634817409 1.0080040020 0.0138367222 0.00000000 0.9634817409 1.0080040020 0.0138946931 0.00000000
28 0.9564782391 1.1710855428 0.0168756548 0.00000000 0.9564782391 1.1710855428 0.0168157048 0.00000000
29 0.9604802401 1.1055527764 0.0167325835 0.00000000 0.9604802401 1.1055527764 0.0167503055 0.00000000
30 0.9699849925 0.9464732366 0.0326023342 1.56000000 0.9779889945 0.7813906953 0.0578940769 6.60000000
31 0.9689844922 0.8519259630 0.0194519802 0.72000000 0.9794897449 0.7013506753 0.0451952074 5.08000000
32 0.9674837419 0.8374187094 0.0160582892 0.60000000 0.9774887444 0.7068534267 0.0355751671 4.32000000
33 0.9679839920 0.8114057029 0.0153592556 0.56000000 0.9769884942 0.6928464232 0.0441043225 5.76000000
34 0.9699849925 0.8369184592 0.0207423125 0.68000000 0.9779889945 0.6823411706 0.0630923473 8.68000000
35 0.9714857429 0.6728364182 0.0107472147 0.56000000 0.9789894947 0.5667833917 0.0297504978 4.08000000
36 0.9754877439 0.9279639820 0.0255480323 1.20000000 0.9824912456 0.7833916958 0.0551453562 8.00000000
37 0.9764882441 0.7258629315 0.0161961526 0.76000000 0.9829914957 0.6288144072 0.0458203756 6.80000000
38 0.9759879940 0.9324662331 0.0229830988 0.68000000 0.9814907454 0.8144072036 0.0488146952 6.32000000
39 0.9759879940 0.8324162081 0.0187880265 0.76000000 0.9819909955 0.7158579290 0.0355398786 4.76000000
40 0.9749874937 0.8764382191 0.0219348058 0.64000000 0.9799899950 0.7633816908 0.0468238949 6.04000000
41 0.9734867434 0.8389194597 0.0201468110 1.08000000 0.9794897449 0.7058529265 0.0424085590 6.72000000
42 0.9739869935 0.7853926963 0.0199221990 1.00000000 0.9804902451 0.6303151576 0.0395497584 6.28000000
43 0.9719859930 0.8569284642 0.0271804166 1.24000000 0.9799899950 0.6838419210 0.0485446783 6.40000000
44 0.9739869935 0.9864932466 0.0302714147 0.96000000 0.9844922461 0.7638819410 0.0670331465 8.16000000
45 0.9704852426 0.8634317159 0.0216996085 0.80000000 0.9814907454 0.6918459230 0.0473571512 5.64000000
46 0.9724862431 0.8429214607 0.0238337221 0.80000000 0.9829914957 0.6688344172 0.0495226727 5.88000000
47 0.9754877439 0.7343671836 0.0221329043 1.00000000 0.9844922461 0.5807903952 0.0484582637 5.36000000
48 0.9739869935 0.6368184092 0.0097969537 0.48000000 0.9829914957 0.5142571286 0.0285598708 3.28000000
49 0.9719859930 0.7393696848 0.0139363540 0.64000000 0.9809904952 0.6063031516 0.0386529415 4.88000000
50 0.9744872436 0.7453726863 0.0193294364 0.80000000 0.9819909955 0.6188094047 0.0367285746 4.00000000
51 0.9734867434 0.6588294147 0.0149622523 0.64000000 0.9814907454 0.5482741371 0.0354219047 3.56000000
52 0.9754877439 0.6708354177 0.0135926888 0.56000000 0.9834917459 0.5237618809 0.0392411093 5.12000000
53 0.9744872436 0.6403201601 0.0140671385 0.60000000 0.9824912456 0.5112556278 0.0374548355 4.04000000
54 0.9679839920 0.7568784392 0.0137367166 0.56000000 0.9769884942 0.6153076538 0.0428139501 4.92000000
55 0.9689844922 0.7133566783 0.0150963005 0.88000000 0.9779889945 0.5767883942 0.0425303675 4.96000000
56 0.9669834917 0.7583791896 0.0166212879 0.60000000 0.9764882441 0.6043021511 0.0461687296 5.32000000
57 0.9684842421 0.7073536768 0.0132821086 0.80000000 0.9779889945 0.5687843922 0.0369057962 4.44000000
58 0.9679839920 0.7993996998 0.0173727494 0.68000000 0.9774887444 0.6008004002 0.0564075045 6.60000000
59 0.9714857429 0.6983491746 0.0153971348 0.68000000 0.9809904952 0.5372686343 0.0520489400 5.84000000