00 0.8719359680 5.1920960480 0.1358636712 0.00000000 0.8719359680 5.1920960480 0.1360283964 0.00000000
01 0.9109554777 1.6098049025 0.0231052703 0.00000000 0.9109554777 1.6098049025 0.0231108188 0.00000000
02 0.9129564782 1.2481240620 0.0115927810 0.00000000 0.9129564782 1.2481240620 0.0116308573 0.00000000
03 0.9169584792 1.4622311156 0.0221949318 0.00000000 0.9169584792 1.4622311156 0.0222137762 0.00000000
04 0.9219609805 1.2061030515 0.0125760716 0.00000000 0.9219609805 1.2061030515 0.0125895779 0.00000000
05 0.9244622311 1.4382191096 0.0188463153 0.00000000 0.9244622311 1.4382191096 0.0189052558 0.00000000
06 0.9304652326 1.2646323162 0.0147472207 0.00000000 0.9304652326 1.2646323162 0.0147899931 0.00000000
07 0.9314657329 1.3036518259 0.0183148938 0.00000000 0.9314657329 1.3036518259 0.0183529020 0.00000000
08 0.9349674837 1.2191095548 0.0142509615 0.00000000 0.9349674837 1.2191095548 0.0142865553 0.00000000
09 0.9339669835 1.3641820910 0.0216797179 0.00000000 0.9339669835 1.3641820910 0.0216881269 0.00000000
10 0.9379689845 1.2346173087 0.0150104942 0.00000000 0.9379689845 1.2346173087 0.0150889802 0.00000000
11 0.9389694847 1.1380690345 0.0122905404 0.00000000 0.9389694847 1.1380690345 0.0123234135 0.00000000
12 0.9424712356 1.1200600300 0.0131229729 0.00000000 0.9424712356 1.1200600300 0.0131380355 0.00000000
13 0.9484742371 1.2386193097 0.0220099493 0.00000000 0.9484742371 1.2386193097 0.0220215061 0.00000000
14 0.9454727364 1.4047023512 0.0197829363 0.00000000 0.9454727364 1.4047023512 0.0198038745 0.00000000
15 0.9484742371 1.1370685343 0.0132438105 0.00000000 0.9484742371 1.1370685343 0.0132741360 0.00000000
16 0.9514757379 1.1520760380 0.0151616068 0.00000000 0.9514757379 1.1520760380 0.0151984713 0.00000000
17 0.9554777389 1.1305652826 0.0144028166 0.00000000 0.9554777389 1.1305652826 0.0144358788 0.00000000
18 0.9554777389 1.2981490745 0.0213311475 0.00000000 0.9554777389 1.2981490745 0.0213392798 0.00000000
19 0.9514757379 1.2386193097 0.0185981613 0.00000000 0.9514757379 1.2386193097 0.0186402498 0.00000000
20 0.9514757379 1.1825912956 0.0152334439 0.00000000 0.9514757379 1.1825912956 0.0152889707 0.00000000
21 0.9524762381 1.4862431216 0.0233434568 0.00000000 0.9524762381 1.4862431216 0.0233983091 0.00000000
22 0.9574787394 1.1000500250 0.0119948152 0.00000000 0.9574787394 1.1000500250 0.0120134550 0.00000000
23 0.9624812406 1.0135067534 0.0153732545 0.00000000 0.9624812406 1.0135067534 0.0153805919 0.00000000
24 0.9624812406 0.9369684842 0.0110853410 0.00000000 0.9624812406 0.9369684842 0.0111414797 0.00000000
25 0.9619809905 0.8999499750 0.0116976949 0.00000000 0.9619809905 0.8999499750 0.0117104262 0.00000000
26 0.9634817409 0.8689344672 0.0093099113 0.00000000 0.9634817409 0.8689344672 0.0093525024 0.00000000
27 0.9634817409 1.0080040020 0.0142888498 0.00000000 0.9634817409 1.0080040020 0.0143123046 0.00000000
28 0.9564782391 1.1710855428 0.0171184760 0.00000000 0.9564782391 1.1710855428 0.0171530776 0.00000000
29 0.9604802401 1.1055527764 0.0175217054 0.00000000 0.9604802401 1.1055527764 0.0175272683 0.00000000
30 0.9724862431 0.9069534767 0.0568970337 1.37142857 0.9829914957 0.6928464232 0.1143349190 5.54285714
31 0.9719859930 0.7853926963 0.0321445847 0.71428571 0.9839919960 0.5947973987 0.0804693509 3.97142857
32 0.9709854927 0.7643821911 0.0242030554 0.62857143 0.9829914957 0.5797898949 0.0709866825 3.62857143
33 0.9709854927 0.7393696848 0.0215055256 0.74285714 0.9819909955 0.5812906453 0.0718078642 4.40000000
34 0.9744872436 0.7728864432 0.0421987844 0.94285714 0.9829914957 0.5817908954 0.1156807886 5.91428571
35 0.9764882441 0.5977988994 0.0175423733 0.60000000 0.9864932466 0.4492246123 0.0527971212 3.14285714
36 0.9799899950 0.8044022011 0.0432347499 1.22857143 0.9899949975 0.5562781391 0.1335089215 8.17142857
37 0.9799899950 0.6428214107 0.0229493800 0.74285714 0.9879939970 0.4832416208 0.0724864551 3.91428571
38 0.9774887444 0.8294147074 0.0280666880 0.71428571 0.9869934967 0.5837918959 0.1167755866 6.37142857
39 0.9784892446 0.7503751876 0.0301091942 0.77142857 0.9874937469 0.5332666333 0.0922329470 5.45714286
40 0.9789894947 0.8004002001 0.0328978156 0.77142857 0.9864932466 0.5502751376 0.1368320013 7.22857143
41 0.9784892446 0.6873436718 0.0195371764 0.60000000 0.9849924962 0.4902451226 0.0799666191 4.82857143
42 0.9779889945 0.6838419210 0.0261723463 0.80000000 0.9859929965 0.4677338669 0.0770843796 4.82857143
43 0.9754877439 0.7748874437 0.0413903296 1.08571429 0.9864932466 0.5102551276 0.0978441848 5.17142857
44 0.9754877439 0.8854427214 0.0404325248 1.08571429 0.9869934967 0.6503251626 0.1243086106 6.17142857
45 0.9714857429 0.8224112056 0.0310100728 0.85714286 0.9859929965 0.5702851426 0.0943405981 4.82857143
46 0.9714857429 0.8169084542 0.0263745973 0.60000000 0.9854927464 0.5347673837 0.1369058547 6.68571429
47 0.9754877439 0.7843921961 0.0300865495 0.68571429 0.9874937469 0.5352676338 0.0963683330 4.60000000
48 0.9734867434 0.6638319160 0.0156967339 0.37142857 0.9849924962 0.4612306153 0.0668788549 3.42857143
49 0.9729864932 0.7828914457 0.0236115491 0.57142857 0.9864932466 0.5047523762 0.1109410680 5.51428571
50 0.9734867434 0.7778889445 0.0275233422 0.54285714 0.9859929965 0.5562781391 0.0883155216 4.11428571
51 0.9729864932 0.6918459230 0.0242819781 0.54285714 0.9854927464 0.4847423712 0.0731277311 3.65714286
52 0.9739869935 0.7193596798 0.0227169091 0.51428571 0.9864932466 0.4617308654 0.0872427430 5.14285714
53 0.9734867434 0.6633316658 0.0201686982 0.51428571 0.9864932466 0.4467233617 0.0787927398 3.88571429
54 0.9674837419 0.8119059530 0.0268925016 0.77142857 0.9789894947 0.5857928964 0.1009320991 5.00000000
55 0.9699849925 0.7473736868 0.0223927723 0.74285714 0.9819909955 0.5197598799 0.0920492114 5.11428571
56 0.9679839920 0.7848924462 0.0279045435 0.77142857 0.9809904952 0.5492746373 0.0978981573 5.20000000
57 0.9694847424 0.7143571786 0.0192437922 0.71428571 0.9824912456 0.4962481241 0.0808848586 4.57142857
58 0.9664832416 0.8434217109 0.0262711467 0.80000000 0.9784892446 0.6043021511 0.1126022797 5.25714286
59 0.9704852426 0.7718859430 0.0261673200 0.80000000 0.9839919960 0.5102551276 0.1068163879 5.11428571