00 0.8719359680 5.1920960480 0.1335036628 0.00000000 0.8719359680 5.1920960480 0.1336695010 0.00000000
01 0.9109554777 1.6098049025 0.0226071608 0.00000000 0.9109554777 1.6098049025 0.0226523182 0.00000000
02 0.9129564782 1.2481240620 0.0113528604 0.00000000 0.9129564782 1.2481240620 0.0113887845 0.00000000
03 0.9169584792 1.4622311156 0.0217546250 0.00000000 0.9169584792 1.4622311156 0.0217460785 0.00000000
04 0.9219609805 1.2061030515 0.0123416925 0.00000000 0.9219609805 1.2061030515 0.0123810465 0.00000000
05 0.9244622311 1.4382191096 0.0185052003 0.00000000 0.9244622311 1.4382191096 0.0185291358 0.00000000
06 0.9304652326 1.2646323162 0.0144946334 0.00000000 0.9304652326 1.2646323162 0.0145429290 0.00000000
07 0.9314657329 1.3036518259 0.0181730089 0.00000000 0.9314657329 1.3036518259 0.0181858801 0.00000000
08 0.9349674837 1.2191095548 0.0139617977 0.00000000 0.9349674837 1.2191095548 0.0139516100 0.00000000
09 0.9339669835 1.3641820910 0.0211860017 0.00000000 0.9339669835 1.3641820910 0.0212379258 0.00000000
10 0.9379689845 1.2346173087 0.0147066946 0.00000000 0.9379689845 1.2346173087 0.0147350239 0.00000000
11 0.9389694847 1.1380690345 0.0120139350 0.00000000 0.9389694847 1.1380690345 0.0120448687 0.00000000
12 0.9424712356 1.1200600300 0.0128826221 0.00000000 0.9424712356 1.1200600300 0.0128834425 0.00000000
13 0.9484742371 1.2386193097 0.0215719808 0.00000000 0.9484742371 1.2386193097 0.0215899711 0.00000000
14 0.9454727364 1.4047023512 0.0194389734 0.00000000 0.9454727364 1.4047023512 0.0194413951 0.00000000
15 0.9484742371 1.1370685343 0.0129932008 0.00000000 0.9484742371 1.1370685343 0.0130491910 0.00000000
16 0.9514757379 1.1520760380 0.0148254512 0.00000000 0.9514757379 1.1520760380 0.0148759506 0.00000000
17 0.9554777389 1.1305652826 0.0141158108 0.00000000 0.9554777389 1.1305652826 0.0141770307 0.00000000
18 0.9554777389 1.2981490745 0.0209308342 0.00000000 0.9554777389 1.2981490745 0.0209435558 0.00000000
19 0.9514757379 1.2386193097 0.0182453532 0.00000000 0.9514757379 1.2386193097 0.0182971445 0.00000000
20 0.9514757379 1.1825912956 0.0149329734 0.00000000 0.9514757379 1.1825912956 0.0149786159 0.00000000
21 0.9524762381 1.4862431216 0.0229180021 0.00000000 0.9524762381 1.4862431216 0.0229429274 0.00000000
22 0.9574787394 1.1000500250 0.0118119198 0.00000000 0.9574787394 1.1000500250 0.0118311240 0.00000000
23 0.9624812406 1.0135067534 0.0150768926 0.00000000 0.9624812406 1.0135067534 0.0151444690 0.00000000
24 0.9624812406 0.9369684842 0.0109171196 0.00000000 0.9624812406 0.9369684842 0.0109405162 0.00000000
25 0.9619809905 0.8999499750 0.0115111596 0.00000000 0.9619809905 0.8999499750 0.0115074309 0.00000000
26 0.9634817409 0.8689344672 0.0091256905 0.00000000 0.9634817409 0.8689344672 0.0091818926 0.00000000
27 0.9634817409 1.0080040020 0.0139903508 0.00000000 0.9634817409 1.0080040020 0.0140335210 0.00000000
28 0.9564782391 1.1710855428 0.0168352146 0.00000000 0.9564782391 1.1710855428 0.0168767603 0.00000000
29 0.9604802401 1.1055527764 0.0168564793 0.00000000 0.9604802401 1.1055527764 0.0168774858 0.00000000
30 0.9704852426 0.9229614807 0.0437111962 1.43333333 0.9809904952 0.7123561781 0.0822547894 6.03333333
31 0.9694847424 0.8184092046 0.0226021704 0.66666667 0.9819909955 0.6233116558 0.0579239813 4.23333333
32 0.9684842421 0.8104052026 0.0228967883 0.66666667 0.9804902451 0.6333166583 0.0486172120 3.80000000
33 0.9689844922 0.7778889445 0.0194727685 0.73333333 0.9804902451 0.6203101551 0.0545682547 4.53333333
34 0.9724862431 0.8029014507 0.0308268575 0.86666667 0.9814907454 0.6118059030 0.0843661659 6.93333333
35 0.9739869935 0.6288144072 0.0120677663 0.43333333 0.9839919960 0.4832416208 0.0381500083 3.40000000
36 0.9774887444 0.8774387194 0.0321034796 1.23333333 0.9874937469 0.6623311656 0.0926572427 9.43333333
37 0.9774887444 0.7198599300 0.0187425679 0.66666667 0.9854927464 0.5722861431 0.0485009943 4.16666667
38 0.9759879940 0.9194597299 0.0277538831 0.76666667 0.9844922461 0.7048524262 0.0809910885 7.66666667
39 0.9764882441 0.8094047024 0.0260826792 0.86666667 0.9844922461 0.6173086543 0.0609221104 6.53333333
40 0.9764882441 0.8049024512 0.0270343156 0.90000000 0.9839919960 0.6123061531 0.0842647006 8.53333333
41 0.9759879940 0.7313656828 0.0200730749 0.73333333 0.9819909955 0.5527763882 0.0524698446 5.26666667
42 0.9764882441 0.7013506753 0.0227771214 0.83333333 0.9834917459 0.5032516258 0.0552307289 5.90000000
43 0.9739869935 0.7778889445 0.0310235310 1.00000000 0.9834917459 0.5432716358 0.0628394254 5.63333333
44 0.9739869935 0.9584792396 0.0328719881 0.96666667 0.9849924962 0.7278639320 0.0920163231 7.63333333
45 0.9694847424 0.8654327164 0.0264541380 0.93333333 0.9839919960 0.6263131566 0.0689100248 6.00000000
46 0.9714857429 0.8439219610 0.0275169573 0.90000000 0.9849924962 0.6023011506 0.0728817296 6.13333333
47 0.9754877439 0.7598799400 0.0277095657 1.00000000 0.9869934967 0.5192596298 0.0710052662 6.03333333
48 0.9744872436 0.6438219110 0.0120190937 0.50000000 0.9849924962 0.4592296148 0.0418741318 3.83333333
49 0.9729864932 0.7363681841 0.0206645858 0.73333333 0.9844922461 0.5297648824 0.0559368748 4.66666667
50 0.9744872436 0.7428714357 0.0222569711 0.80000000 0.9854927464 0.5497748874 0.0528380271 4.40000000
51 0.9729864932 0.6608304152 0.0171950543 0.56666667 0.9849924962 0.4732366183 0.0466733287 3.76666667
52 0.9734867434 0.7038519260 0.0195240598 0.56666667 0.9854927464 0.4607303652 0.0592299198 5.70000000
53 0.9724862431 0.6583291646 0.0165818737 0.56666667 0.9849924962 0.4542271136 0.0553829961 4.66666667
54 0.9659829915 0.7833916958 0.0185676351 0.63333333 0.9774887444 0.5767883942 0.0623721418 5.23333333
55 0.9684842421 0.7148574287 0.0167102879 0.70000000 0.9799899950 0.5067533767 0.0575654938 5.06666667
56 0.9669834917 0.7623811906 0.0204830260 0.63333333 0.9789894947 0.5397698849 0.0648962557 5.56666667
57 0.9679839920 0.6968484242 0.0161312183 0.73333333 0.9804902451 0.4912456228 0.0528401478 4.66666667
58 0.9669834917 0.8019009505 0.0182304583 0.63333333 0.9784892446 0.5737868934 0.0691937366 5.33333333
59 0.9694847424 0.7553776888 0.0202078432 0.73333333 0.9824912456 0.5112556278 0.0671157732 5.20000000