00 0.8719359680 5.1920960480 0.1300521071 0.00000000 0.8719359680 5.1920960480 0.1301544887 0.00000000
01 0.9109554777 1.6098049025 0.0221270032 0.00000000 0.9109554777 1.6098049025 0.0221653549 0.00000000
02 0.9129564782 1.2481240620 0.0111274582 0.00000000 0.9129564782 1.2481240620 0.0111503816 0.00000000
03 0.9169584792 1.4622311156 0.0212404909 0.00000000 0.9169584792 1.4622311156 0.0212736406 0.00000000
04 0.9219609805 1.2061030515 0.0120449821 0.00000000 0.9219609805 1.2061030515 0.0120747086 0.00000000
05 0.9244622311 1.4382191096 0.0180581592 0.00000000 0.9244622311 1.4382191096 0.0181180554 0.00000000
06 0.9304652326 1.2646323162 0.0141670304 0.00000000 0.9304652326 1.2646323162 0.0141837993 0.00000000
07 0.9314657329 1.3036518259 0.0175856566 0.00000000 0.9314657329 1.3036518259 0.0176200813 0.00000000
08 0.9349674837 1.2191095548 0.0136481444 0.00000000 0.9349674837 1.2191095548 0.0136822093 0.00000000
09 0.9339669835 1.3641820910 0.0207805931 0.00000000 0.9339669835 1.3641820910 0.0208185321 0.00000000
10 0.9379689845 1.2346173087 0.0143536689 0.00000000 0.9379689845 1.2346173087 0.0144046734 0.00000000
11 0.9389694847 1.1380690345 0.0117946823 0.00000000 0.9389694847 1.1380690345 0.0117879480 0.00000000
12 0.9424712356 1.1200600300 0.0125777277 0.00000000 0.9424712356 1.1200600300 0.0126385221 0.00000000
13 0.9484742371 1.2386193097 0.0210772540 0.00000000 0.9484742371 1.2386193097 0.0211941478 0.00000000
14 0.9454727364 1.4047023512 0.0196414083 0.00000000 0.9454727364 1.4047023512 0.0196721623 0.00000000
15 0.9484742371 1.1370685343 0.0134961440 0.00000000 0.9484742371 1.1370685343 0.0135905136 0.00000000
16 0.9514757379 1.1520760380 0.0147194771 0.00000000 0.9514757379 1.1520760380 0.0147419311 0.00000000
17 0.9554777389 1.1305652826 0.0145773966 0.00000000 0.9554777389 1.1305652826 0.0150680667 0.00000000
18 0.9554777389 1.2981490745 0.0205863549 0.00000000 0.9554777389 1.2981490745 0.0205780555 0.00000000
19 0.9514757379 1.2386193097 0.0179685177 0.00000000 0.9514757379 1.2386193097 0.0180012266 0.00000000
20 0.9514757379 1.1825912956 0.0147211312 0.00000000 0.9514757379 1.1825912956 0.0147534136 0.00000000
21 0.9524762381 1.4862431216 0.0224763375 0.00000000 0.9524762381 1.4862431216 0.0225021015 0.00000000
22 0.9574787394 1.1000500250 0.0115309852 0.00000000 0.9574787394 1.1000500250 0.0115650983 0.00000000
23 0.9624812406 1.0135067534 0.0148361590 0.00000000 0.9624812406 1.0135067534 0.0148448480 0.00000000
24 0.9624812406 0.9369684842 0.0107727255 0.00000000 0.9624812406 0.9369684842 0.0107524377 0.00000000
25 0.9619809905 0.8999499750 0.0112578299 0.00000000 0.9619809905 0.8999499750 0.0112933969 0.00000000
26 0.9634817409 0.8689344672 0.0089812200 0.00000000 0.9634817409 0.8689344672 0.0090085982 0.00000000
27 0.9634817409 1.0080040020 0.0137324331 0.00000000 0.9634817409 1.0080040020 0.0137177609 0.00000000
28 0.9564782391 1.1710855428 0.0165191722 0.00000000 0.9564782391 1.1710855428 0.0165989826 0.00000000
29 0.9604802401 1.1055527764 0.0164989486 0.00000000 0.9604802401 1.1055527764 0.0165473066 0.00000000
30 0.9659829915 0.9779889945 0.0201069803 1.46666667 0.9714857429 0.9089544772 0.0277679745 8.86666667
31 0.9649824912 0.9289644822 0.0153923042 1.06666667 0.9729864932 0.8424212106 0.0240376732 7.13333333
32 0.9639819910 0.9249624812 0.0131393341 0.93333333 0.9719859930 0.8564282141 0.0215376132 7.20000000
33 0.9644822411 0.9019509755 0.0134188964 0.93333333 0.9719859930 0.8364182091 0.0234786295 8.40000000
34 0.9669834917 0.9024512256 0.0142269922 0.66666667 0.9744872436 0.8229114557 0.0238240154 7.46666667
35 0.9679839920 0.8254127064 0.0115486095 1.00000000 0.9769884942 0.7588794397 0.0201769753 9.00000000
36 0.9684842421 1.0670335168 0.0175799981 1.73333333 0.9769884942 1.0020010005 0.0277298514 13.06666667
37 0.9709854927 0.8649324662 0.0137408795 1.60000000 0.9784892446 0.7973986993 0.0216468297 9.40000000
38 0.9704852426 1.0555277639 0.0193746894 1.73333333 0.9779889945 0.9514757379 0.0283141573 11.80000000
39 0.9709854927 1.0010005003 0.0172132731 1.73333333 0.9774887444 0.9059529765 0.0264787706 10.13333333
40 0.9714857429 1.0205102551 0.0222409367 1.53333333 0.9789894947 0.9229614807 0.0339078103 9.33333333
41 0.9699849925 0.9409704852 0.0177312315 1.73333333 0.9754877439 0.8469234617 0.0256950723 9.66666667
42 0.9704852426 0.7863931966 0.0141974470 1.40000000 0.9774887444 0.6903451726 0.0204373522 8.06666667
43 0.9679839920 0.8679339670 0.0158013900 1.53333333 0.9769884942 0.7748874437 0.0243949922 7.33333333
44 0.9694847424 1.0680340170 0.0232368816 1.46666667 0.9799899950 0.9309654827 0.0359149957 10.60000000
45 0.9634817409 1.0085042521 0.0177231088 1.53333333 0.9734867434 0.9144572286 0.0271004103 8.66666667
46 0.9629814907 1.0030015008 0.0181948201 1.53333333 0.9724862431 0.8884442221 0.0298484202 9.40000000
47 0.9669834917 0.9194597299 0.0174118322 1.73333333 0.9754877439 0.7858929465 0.0274610537 11.40000000
48 0.9639819910 0.8234117059 0.0119328116 1.00000000 0.9729864932 0.7093546773 0.0202275216 8.26666667
49 0.9649824912 0.9219609805 0.0142152671 0.93333333 0.9739869935 0.7898949475 0.0260412612 10.66666667
50 0.9659829915 0.9184592296 0.0165743035 0.86666667 0.9734867434 0.7948974487 0.0227653545 8.40000000
51 0.9654827414 0.8259129565 0.0128182841 0.66666667 0.9724862431 0.7083541771 0.0182343212 7.13333333
52 0.9674837419 0.8439219610 0.0149449220 0.86666667 0.9754877439 0.7063531766 0.0240441466 10.73333333
53 0.9669834917 0.8179089545 0.0146617690 0.80000000 0.9744872436 0.6968484242 0.0228077635 8.73333333
54 0.9594797399 0.9339669835 0.0150219482 0.93333333 0.9679839920 0.7923961981 0.0255234608 9.40000000
55 0.9614807404 0.8174087044 0.0121492391 1.00000000 0.9699849925 0.6908454227 0.0219616073 8.93333333
56 0.9599799900 0.8809404702 0.0157938736 0.86666667 0.9689844922 0.7463731866 0.0262453723 9.20000000
57 0.9624812406 0.8259129565 0.0138472607 1.06666667 0.9709854927 0.7053526763 0.0223829758 8.26666667
58 0.9594797399 0.9614807404 0.0168141391 1.33333333 0.9709854927 0.7663831916 0.0351755111 14.66666667
59 0.9639819910 0.9649824912 0.0184693143 1.80000000 0.9734867434 0.7768884442 0.0340867829 13.73333333